Time: 0.0, Position: (2.038368317650911, 2.0208834036871215, 0.0), Orientation: (0.0, 0.0, 0.002843836289556229, 0.9999959562894033)
Time: 21.9, Position: (2.2207066660524255, 2.037843419919121, 0.0), Orientation: (0.0, 0.0, 0.10436223123991797, 0.9945393530125521)
Time: 23.3, Position: (2.4814692398861133, 2.1225551372861924, 0.0), Orientation: (0.0, 0.0, 0.20760507898071226, 0.9782127228682993)
Time: 24.7, Position: (2.7176548529465068, 2.258435984596196, 0.0), Orientation: (0.0, 0.0, 0.3091317094333266, 0.9510192354641568)
Time: 26.3, Position: (2.9543814941808337, 2.479512725809177, 0.0), Orientation: (0.0, 0.0, 0.3972885857190138, 0.9176937286793376)
Time: 27.9, Position: (3.1916647595247665, 2.718441531952799, 0.0), Orientation: (0.0, 0.0, 0.33153165477023805, 0.9434440957922773)
Time: 29.4, Position: (3.4590017944558875, 2.8777026439522104, 0.0), Orientation: (0.0, 0.0, 0.24156334224085516, 0.9703850533089571)
Time: 30.7, Position: (3.7139812454334384, 3.00410421494739, 0.0), Orientation: (0.0, 0.0, 0.2507639212466487, 0.9680482714209062)
Time: 32.1, Position: (3.975785832032962, 3.1680212787638764, 0.0), Orientation: (0.0, 0.0, 0.278114280257821, 0.9605479931355196)
Time: 33.5, Position: (4.22807830101235, 3.3463638927696926, 0.0), Orientation: (0.0, 0.0, 0.30678983995809617, 0.9517772817726244)
Time: 34.9, Position: (4.485127049133135, 3.5224961009118347, 0.0), Orientation: (0.0, 0.0, 0.3062853699505447, 0.9519397418714369)
Time: 36.3, Position: (4.744060184273857, 3.7181526588273703, 0.0), Orientation: (0.0, 0.0, 0.3167175440991611, 0.9485198981886442)
Time: 37.7, Position: (5.001006380544588, 3.894550958815341, 0.0), Orientation: (0.0, 0.0, 0.2905328328074668, 0.9568650234285234)
Time: 39.1, Position: (5.26214638720391, 4.046956718218107, 0.0), Orientation: (0.0, 0.0, 0.22561553291975367, 0.9742164191314656)
Time: 40.4, Position: (5.523811636659627, 4.155771317801477, 0.0), Orientation: (0.0, 0.0, 0.1519335855529391, 0.9883907049244381)
Time: 41.7, Position: (5.7830882908549155, 4.258322046511805, 0.0), Orientation: (0.0, 0.0, 0.1914276783577424, 0.9815067213007584)
Time: 43.0, Position: (6.043636619188914, 4.356692121374605, 0.0), Orientation: (0.0, 0.0, 0.19310510192901367, 0.9811780774196829)
Time: 44.5, Position: (6.309744193154323, 4.4882385819745165, 0.0), Orientation: (0.0, 0.0, 0.26715743689568977, 0.9636528959699782)
Time: 46.3, Position: (6.571656927287187, 4.670249009358083, 0.0), Orientation: (0.0, 0.0, 0.34830922695151734, 0.9373796895711132)
Time: 48.1, Position: (6.780382350434108, 4.895437655395615, 0.0), Orientation: (0.0, 0.0, 0.4439585499376882, 0.896047323492027)
Time: 50.0, Position: (6.936827896655812, 5.155882428256705, 0.0), Orientation: (0.0, 0.0, 0.5371301389050765, 0.8434993858206496)
Time: 51.7, Position: (7.028424302360878, 5.413232886600044, 0.0), Orientation: (0.0, 0.0, 0.621840625033599, 0.7831438163312169)
Time: 53.0, Position: (7.062518277639731, 5.6473798911510285, 0.0), Orientation: (0.0, 0.0, 0.6976864182063547, 0.7164032815742732)
Time: 54.1, Position: (7.043238765527832, 5.845900637107717, 0.0), Orientation: (0.0, 0.0, 0.7670704563970258, 0.6415628690337827)
Time: 55.2, Position: (6.988880097384526, 6.019640619386955, 0.0), Orientation: (0.0, 0.0, 0.8284856968888173, 0.5600102231661942)
Time: 56.3, Position: (6.902712935897268, 6.1855415427879805, 0.0), Orientation: (0.0, 0.0, 0.8814528843576752, 0.4722719689517205)
Time: 57.6, Position: (6.756648354308918, 6.356902975140907, 0.0), Orientation: (0.0, 0.0, 0.9269209736822555, 0.3752565902791576)
Time: 59.0, Position: (6.546870302680404, 6.518121385188295, 0.0), Orientation: (0.0, 0.0, 0.9618828334374437, 0.27346190728939723)
Time: 60.5, Position: (6.293287088233909, 6.6401311922114905, 0.0), Orientation: (0.0, 0.0, 0.98521754282615, 0.17130789038337743)
Time: 61.9, Position: (6.041913265026437, 6.705436045119814, 0.0), Orientation: (0.0, 0.0, 0.9972222984056087, 0.07448280044839323)
Time: 63.4, Position: (5.782040495218849, 6.724733154459055, 0.0), Orientation: (0.0, 0.0, -0.999860067711159, 0.016728568278143684)
Time: 64.7, Position: (5.530538528167869, 6.69903426903845, 0.0), Orientation: (0.0, 0.0, -0.9947841219912752, 0.10200269915079528)
Time: 66.0, Position: (5.2679729909856166, 6.634499183250218, 0.0), Orientation: (0.0, 0.0, -0.9911737618672399, 0.13256912832912512)
Time: 67.5, Position: (5.001450597575114, 6.5443446773881915, 0.0), Orientation: (0.0, 0.0, -0.9868512111508028, 0.16163133065774649)
Time: 68.8, Position: (4.738348016600885, 6.4727895333062415, 0.0), Orientation: (0.0, 0.0, -0.9911422025239347, 0.13280487331421115)
Time: 70.2, Position: (4.4749321416972965, 6.405142511468523, 0.0), Orientation: (0.0, 0.0, -0.9944249268508603, 0.10544697652214274)
Time: 71.4, Position: (4.22131253366648, 6.347872388368815, 0.0), Orientation: (0.0, 0.0, -0.9934307467847345, 0.1144349218670796)
Time: 72.6, Position: (3.9700686147830346, 6.288157400376689, 0.0), Orientation: (0.0, 0.0, -0.9962446254786388, 0.08658317506840874)
Time: 73.9, Position: (3.7091258381752708, 6.2524438005037, 0.0), Orientation: (0.0, 0.0, -0.9985248994398337, 0.054295719892732415)
Time: 74.8, Position: (3.4437353685058585, 6.224613558234215, 0.0), Orientation: (0.0, 0.0, -0.9999802572016411, 0.0062837255621013)
Time: 76.1, Position: (3.1731573102239117, 6.244669585539213, 0.0), Orientation: (0.0, 0.0, 0.9958242514813542, 0.09129107383310009)
Time: 77.4, Position: (2.9211748381819245, 6.320107212302667, 0.0), Orientation: (0.0, 0.0, 0.9835732121484764, 0.180509657204063)
Time: 78.8, Position: (2.6505937879049455, 6.445150863851023, 0.0), Orientation: (0.0, 0.0, 0.9757305601917654, 0.2189745964897837)
Time: 80.1, Position: (2.3819837695477486, 6.565622408917788, 0.0), Orientation: (0.0, 0.0, 0.975985888436623, 0.21783375673337607)
Time: 81.4, Position: (2.118774275921507, 6.6911202592985575, 0.0), Orientation: (0.0, 0.0, 0.9757819650100692, 0.21874541540587347)
Time: 82.7, Position: (1.8532251205290258, 6.82117869771923, 0.0), Orientation: (0.0, 0.0, 0.9775068869853695, 0.2109034990135822)
Time: 84.0, Position: (1.5938373806173447, 6.917851207830032, 0.0), Orientation: (0.0, 0.0, 0.9888433408083419, 0.1489592136760845)
Time: 85.3, Position: (1.328030138084276, 6.977486548337572, 0.0), Orientation: (0.0, 0.0, 0.9967962069453556, 0.07998325961944662)
Time: 95.8, Position: (1.5303973168478133, 6.918470026517358, 0.0), Orientation: (0.0, 0.0, 0.9823246900740631, 0.18718494402834832)
Time: 97.6, Position: (1.7609323915763218, 6.80030512774947, 0.0), Orientation: (0.0, 0.0, 0.958168753173227, 0.2862038442132871)
Time: 99.3, Position: (1.9452303861218898, 6.653164183327024, 0.0), Orientation: (0.0, 0.0, 0.9241512454130099, 0.38202679958555624)
Time: 101.0, Position: (2.0756083187840946, 6.499686469624062, 0.0), Orientation: (0.0, 0.0, 0.8805839833682262, 0.4738901225340612)
Time: 103.1, Position: (2.1046508484418154, 6.432740229885747, 0.0), Orientation: (0.0, 0.0, 0.8278439519353051, 0.5609584576812584)
Time: 105.2, Position: (2.1344615794479953, 6.338220567871903, 0.0), Orientation: (0.0, 0.0, 0.7652534723716753, 0.6437290757943854)
Time: 107.0, Position: (2.139098045654593, 6.380966693083962, 0.0), Orientation: (0.0, 0.0, 0.6953535218509387, 0.7186678507137328)
Time: 109.0, Position: (2.140935238985478, 6.389523264988136, 0.0), Orientation: (0.0, 0.0, 0.6207978672198082, 0.7839706678539302)
Time: 110.9, Position: (2.111032674025616, 6.292357963287721, 0.0), Orientation: (0.0, 0.0, 0.538680498840607, 0.8425101306030894)
Time: 112.7, Position: (2.062147376077525, 6.203272244190782, 0.0), Orientation: (0.0, 0.0, 0.45128440649489104, 0.8923801793263642)
Time: 114.3, Position: (2.0566155587795216, 6.209293867821349, 0.0), Orientation: (0.0, 0.0, 0.3462326188910094, 0.9381486948324732)
Time: 116.1, Position: (2.1008677916485867, 6.230391496507924, 0.0), Orientation: (0.0, 0.0, 0.25202755391025555, 0.9677200587308363)
Time: 117.7, Position: (2.2146055182006177, 6.265221411537904, 0.0), Orientation: (0.0, 0.0, 0.1545922402509032, 0.987978359709466)
Time: 119.3, Position: (2.4312180311387963, 6.322870771171044, 0.0), Orientation: (0.0, 0.0, 0.05591798140306706, 0.9984353656375591)
Time: 121.0, Position: (2.6816309141173647, 6.3253405102388935, 0.0), Orientation: (0.0, 0.0, -0.051092225870879034, 0.9986939393305434)
Time: 122.7, Position: (2.9502213265872315, 6.2632942190981735, 0.0), Orientation: (0.0, 0.0, -0.13815561034388296, 0.9904105347432999)
Time: 124.0, Position: (3.2160091759329363, 6.199777815044145, 0.0), Orientation: (0.0, 0.0, -0.08713713726245731, 0.9961963256857073)
Time: 125.0, Position: (3.481216972373482, 6.18388378586705, 0.0), Orientation: (0.0, 0.0, 0.013062722510971259, 0.9999146790004642)
Time: 126.0, Position: (3.745202927614656, 6.214423549303007, 0.0), Orientation: (0.0, 0.0, 0.10384822014455317, 0.9945931566086751)
Time: 127.3, Position: (4.002584141968575, 6.290375525039985, 0.0), Orientation: (0.0, 0.0, 0.14412780014315277, 0.9895590822310184)
Time: 128.5, Position: (4.263674605808544, 6.3523128373558455, 0.0), Orientation: (0.0, 0.0, 0.07681347062069183, 0.9970454807736727)
Time: 129.7, Position: (4.514962639350519, 6.402913332491988, 0.0), Orientation: (0.0, 0.0, 0.13088112300204002, 0.9913980692142409)
Time: 131.0, Position: (4.777816628912416, 6.4946495909590585, 0.0), Orientation: (0.0, 0.0, 0.15515267975441974, 0.9878905030240054)
Time: 132.3, Position: (5.044042835028923, 6.5450567990931905, 0.0), Orientation: (0.0, 0.0, 0.0632065622758792, 0.9980004661748738)
Time: 133.6, Position: (5.315234925107758, 6.5523777270933445, 0.0), Orientation: (0.0, 0.0, -0.01053484622440619, 0.9999445069677757)
Time: 134.8, Position: (5.589844584898745, 6.54388112730484, 0.0), Orientation: (0.0, 0.0, -0.0198908687873264, 0.9998021570985358)
Time: 136.0, Position: (5.849248863373381, 6.527358005251789, 0.0), Orientation: (0.0, 0.0, -0.05954160599846485, 0.998225824728615)
Time: 137.2, Position: (6.110262561864435, 6.485608731910687, 0.0), Orientation: (0.0, 0.0, -0.10962800451923276, 0.993972686055875)
Time: 138.4, Position: (6.37184256475328, 6.412978325863368, 0.0), Orientation: (0.0, 0.0, -0.17184154226670958, 0.9851246034646575)
Time: 139.8, Position: (6.634766651715906, 6.301006721682243, 0.0), Orientation: (0.0, 0.0, -0.25460053698304896, 0.967046310456714)
Time: 141.2, Position: (6.890440177544745, 6.126419109143719, 0.0), Orientation: (0.0, 0.0, -0.35514579268507407, 0.934810925234665)
Time: 142.6, Position: (7.087233921349263, 5.899970688708557, 0.0), Orientation: (0.0, 0.0, -0.44978631682328246, 0.8931361985713857)
Time: 144.0, Position: (7.247949474229847, 5.638042132176251, 0.0), Orientation: (0.0, 0.0, -0.5403823095562653, 0.84141960965896)
Time: 145.3, Position: (7.338081677212713, 5.370842938258439, 0.0), Orientation: (0.0, 0.0, -0.6154783202862307, 0.7881538157349998)
Time: 146.5, Position: (7.4035338180458385, 5.1144837944010915, 0.0), Orientation: (0.0, 0.0, -0.6192954120495504, 0.7851580685533185)
Time: 147.7, Position: (7.4623844673908275, 4.864395811169823, 0.0), Orientation: (0.0, 0.0, -0.6462432365222951, 0.763131495385421)
Time: 148.9, Position: (7.505122502439133, 4.612829269220191, 0.0), Orientation: (0.0, 0.0, -0.6627453883051707, 0.7488448105450344)
Time: 150.1, Position: (7.526394642142191, 4.3569156642084765, 0.0), Orientation: (0.0, 0.0, -0.7063634976847384, 0.7078492841972666)
Time: 151.4, Position: (7.532255814107286, 4.100824418691368, 0.0), Orientation: (0.0, 0.0, -0.6977089796923518, 0.7163813088409394)
Time: 152.8, Position: (7.558911197902775, 3.843221917905534, 0.0), Orientation: (0.0, 0.0, -0.6497962553750662, 0.76010843075218)
Time: 154.3, Position: (7.612473301093136, 3.585871233956824, 0.0), Orientation: (0.0, 0.0, -0.5991838065569126, 0.8006114950211296)
Time: 155.9, Position: (7.702760154195229, 3.328517557048721, 0.0), Orientation: (0.0, 0.0, -0.5345004730942122, 0.8451681751356137)
Time: 157.6, Position: (7.852097956061285, 3.0698301856697903, 0.0), Orientation: (0.0, 0.0, -0.4439940094997659, 0.8960297537070528)
Time: 159.4, Position: (8.040785915814997, 2.8637982053010433, 0.0), Orientation: (0.0, 0.0, -0.3495159163981021, 0.9369304265442525)
Time: 160.9, Position: (8.23482015284061, 2.7342292236128705, 0.0), Orientation: (0.0, 0.0, -0.25096176429170475, 0.9679970004414243)
Time: 162.1, Position: (8.405809189629297, 2.6566356364855963, 0.0), Orientation: (0.0, 0.0, -0.15327206101595225, 0.9881840290714692)
Time: 163.4, Position: (8.521510934559332, 2.6230454647552395, 0.0), Orientation: (0.0, 0.0, -0.054056070910259595, 0.9985379017332016)
Time: 164.7, Position: (8.618115263786045, 2.619172679846753, 0.0), Orientation: (0.0, 0.0, 0.04853427517606313, 0.9988215176562498)
Time: 166.0, Position: (8.71782614386902, 2.636141143630432, 0.0), Orientation: (0.0, 0.0, 0.1525759562983218, 0.9882917471878699)
Time: 167.3, Position: (8.815260011267421, 2.6710937521343987, 0.0), Orientation: (0.0, 0.0, 0.25768955635333424, 0.966227764321861)
Time: 168.6, Position: (8.911157499399083, 2.744334081031828, 0.0), Orientation: (0.0, 0.0, 0.36110368871249876, 0.9325256704231937)
Time: 169.9, Position: (9.031637135474385, 2.8818412379082403, 0.0), Orientation: (0.0, 0.0, 0.4590818889728245, 0.8883939549643183)
Time: 171.1, Position: (9.128146976012813, 3.0567438673938234, 0.0), Orientation: (0.0, 0.0, 0.5479028610394147, 0.8365419624052484)
Time: 172.4, Position: (9.202999683812411, 3.2871733288255283, 0.0), Orientation: (0.0, 0.0, 0.6281697471617957, 0.7780763257873136)
Time: 173.7, Position: (9.230963494591375, 3.5631819911116662, 0.0), Orientation: (0.0, 0.0, 0.7020929326046298, 0.712085327742842)
Time: 174.9, Position: (9.214912049636084, 3.816035061342956, 0.0), Orientation: (0.0, 0.0, 0.7390325322669963, 0.6736697382627715)
Time: 176.1, Position: (9.183307806125672, 4.083223473659439, 0.0), Orientation: (0.0, 0.0, 0.7416745459300131, 0.6707599182416231)
Time: 177.3, Position: (9.163285779806797, 4.350822624688727, 0.0), Orientation: (0.0, 0.0, 0.7162799482693727, 0.6978130377882207)
Time: 178.5, Position: (9.150685343398829, 4.610980067545764, 0.0), Orientation: (0.0, 0.0, 0.7166384225327295, 0.6974448876791636)
Time: 179.7, Position: (9.140226882002242, 4.868156073056348, 0.0), Orientation: (0.0, 0.0, 0.7127578670597328, 0.7014101674088139)
Time: 180.9, Position: (9.136720499560264, 5.123802511685513, 0.0), Orientation: (0.0, 0.0, 0.7092460625114502, 0.7049610080082472)
Time: 182.1, Position: (9.144706263429432, 5.390338074463123, 0.0), Orientation: (0.0, 0.0, 0.699399159271391, 0.7147312893741756)
Time: 183.3, Position: (9.13842946687562, 5.646866658617884, 0.0), Orientation: (0.0, 0.0, 0.7161679953099097, 0.6979279350289579)
Time: 184.5, Position: (9.128572849083355, 5.912925824348065, 0.0), Orientation: (0.0, 0.0, 0.7138093096916617, 0.7003401098020257)
Time: 185.7, Position: (9.123324971531419, 6.174811645572521, 0.0), Orientation: (0.0, 0.0, 0.7227387922223896, 0.6911212905249856)
Time: 186.9, Position: (9.120850433462287, 6.442584856217144, 0.0), Orientation: (0.0, 0.0, 0.7091146048958235, 0.7050932400210912)
Time: 188.1, Position: (9.127931814548257, 6.704575368311025, 0.0), Orientation: (0.0, 0.0, 0.706568462404641, 0.7076446904592314)
Time: 189.3, Position: (9.13018770111999, 6.959838907945162, 0.0), Orientation: (0.0, 0.0, 0.7002642363483418, 0.7138837435405527)
Time: 190.4, Position: (9.148253186824501, 7.2105100526924, 0.0), Orientation: (0.0, 0.0, 0.684877766119183, 0.7286579756481072)
Time: 191.6, Position: (9.167616477894164, 7.483681370467315, 0.0), Orientation: (0.0, 0.0, 0.6931218272043492, 0.720820457987219)
Time: 192.8, Position: (9.168566882927927, 7.7428349881011, 0.0), Orientation: (0.0, 0.0, 0.7269579341088811, 0.6866819948390578)
Time: 194.1, Position: (9.145696253987282, 8.014175041964386, 0.0), Orientation: (0.0, 0.0, 0.7637025224545206, 0.6455683210912709)
Time: 195.4, Position: (9.080950606412452, 8.27432962812817, 0.0), Orientation: (0.0, 0.0, 0.8244118179491011, 0.5659904190230238)
Time: 196.8, Position: (8.968943847029546, 8.50425525614074, 0.0), Orientation: (0.0, 0.0, 0.880137015306449, 0.47471974288779634)
Time: 198.2, Position: (8.804375458295997, 8.70251445605086, 0.0), Orientation: (0.0, 0.0, 0.925342631184603, 0.37913192283472485)
Time: 199.5, Position: (8.608577172118578, 8.863104604555687, 0.0), Orientation: (0.0, 0.0, 0.9584454689991818, 0.28527580155866433)
Time: 200.9, Position: (8.36543936225331, 8.992135379634192, 0.0), Orientation: (0.0, 0.0, 0.9821524450168762, 0.18808661501386012)
Time: 202.2, Position: (8.112757270267227, 9.063864451082697, 0.0), Orientation: (0.0, 0.0, 0.9954619900380386, 0.09516000414831774)
Time: 203.4, Position: (7.863219943670081, 9.091170080926894, 0.0), Orientation: (0.0, 0.0, 0.9999680966567708, 0.007987845055779843)
Time: 204.6, Position: (7.59792483996538, 9.09647526063124, 0.0), Orientation: (0.0, 0.0, 0.9999898911280526, 0.004496403196515015)
Time: 205.8, Position: (7.3344286177545595, 9.102588484143673, 0.0), Orientation: (0.0, 0.0, -0.999976313978261, 0.0068826944179083485)
Time: 207.0, Position: (7.068209255976479, 9.098240833183569, 0.0), Orientation: (0.0, 0.0, -0.9999999794039979, 0.00020295813341798992)
Time: 208.2, Position: (6.8010931458490225, 9.096583006811132, 0.0), Orientation: (0.0, 0.0, 0.9999995384681228, 0.0009607619586741602)
Time: 209.4, Position: (6.5407048222198805, 9.09895543655229, 0.0), Orientation: (0.0, 0.0, -0.9999994899603755, 0.0010099895984116863)
Time: 210.6, Position: (6.282378480977362, 9.103197886099586, 0.0), Orientation: (0.0, 0.0, 0.9999888707420981, 0.0047178800264031096)
Time: 211.8, Position: (6.019174234245138, 9.096590672396314, 0.0), Orientation: (0.0, 0.0, -0.9999998344170238, 0.0005754701773243632)
Time: 213.0, Position: (5.75611918591374, 9.088748797982763, 0.0), Orientation: (0.0, 0.0, -0.9999946197814474, 0.0032803061074145362)
Time: 214.2, Position: (5.488205437697531, 9.091916789039978, 0.0), Orientation: (0.0, 0.0, 0.9999941421617817, 0.00342281201972179)
Time: 215.4, Position: (5.216183109558409, 9.089087713288786, 0.0), Orientation: (0.0, 0.0, 0.9999849176306906, 0.005492222786883408)
Time: 216.6, Position: (4.952647704447363, 9.083187812396913, 0.0), Orientation: (0.0, 0.0, -0.999991508212435, 0.004121104587317179)
Time: 217.8, Position: (4.688894387584156, 9.086041412499151, 0.0), Orientation: (0.0, 0.0, 0.9999970900163454, 0.002412459085901344)
Time: 219.0, Position: (4.423305387628658, 9.093396204585964, 0.0), Orientation: (0.0, 0.0, 0.9999998671866337, 0.0005153898670400599)
Time: 220.2, Position: (4.163303635971002, 9.094287724352531, 0.0), Orientation: (0.0, 0.0, -0.9999631303797393, 0.008587076403099123)
Time: 221.4, Position: (3.8938752657180937, 9.096517033329858, 0.0), Orientation: (0.0, 0.0, 0.9999730760201617, 0.00733806750962709)
Time: 222.6, Position: (3.6338006120792223, 9.091042518850015, 0.0), Orientation: (0.0, 0.0, 0.9999966357185516, 0.0025939451764627557)
Time: 223.8, Position: (3.3701462599864076, 9.09012007795128, 0.0), Orientation: (0.0, 0.0, -0.9999780531693893, 0.00662519279404055)
Time: 225.0, Position: (3.0969498282235626, 9.090741583292123, 0.0), Orientation: (0.0, 0.0, 0.9999133336931725, 0.013165299184081143)
Time: 226.2, Position: (2.827675382335858, 9.087527222037753, 0.0), Orientation: (0.0, 0.0, 0.9999964804695144, 0.0026531205370649005)
Time: 227.4, Position: (2.553567433824169, 9.0730368382787, 0.0), Orientation: (0.0, 0.0, -0.999541387307783, 0.030282256501662875)
Time: 228.6, Position: (2.2958730136898087, 9.068047853753471, 0.0), Orientation: (0.0, 0.0, -0.9999999531171234, 0.0003062119379810613)
Time: 229.8, Position: (2.031015552541562, 9.05896600375996, 0.0), Orientation: (0.0, 0.0, -0.9998930763129776, 0.014623130354678424)
Time: 231.0, Position: (1.7685649842807123, 9.055641671937964, 0.0), Orientation: (0.0, 0.0, -0.9999009998150538, 0.01407091215436161)
Time: 232.2, Position: (1.5116596871441648, 9.042839778186911, 0.0), Orientation: (0.0, 0.0, -0.99958683361166, 0.02874303516011316)
Time: 233.5, Position: (1.252791046456565, 9.026461743902795, 0.0), Orientation: (0.0, 0.0, -0.9993573964087927, 0.03584402660191977)
