Time: 0.0, Position: (2.038368317650911, 2.0208834036871215, 0.0), Orientation: (0.0, 0.0, 0.002843836289556229, 0.9999959562894033)
Time: 42.9, Position: (2.2300412774202565, 2.0506409744334597, 0.0), Orientation: (0.0, 0.0, 0.11376584402582152, 0.9935075906771385)
Time: 43.7, Position: (2.496343722256972, 2.1241298896937075, 0.0), Orientation: (0.0, 0.0, 0.22261462251787728, 0.974906523642766)
Time: 44.5, Position: (2.7453498715258506, 2.2771212199998376, 0.0), Orientation: (0.0, 0.0, 0.32181588446437176, 0.9468022689592659)
Time: 45.4, Position: (2.9984597781456492, 2.519239521365828, 0.0), Orientation: (0.0, 0.0, 0.37755358282311857, 0.9259877386323355)
Time: 46.3, Position: (3.2807640346341, 2.7415491188324865, 0.0), Orientation: (0.0, 0.0, 0.319825914335362, 0.9474763239889162)
Time: 47.1, Position: (3.5324781004966708, 2.908377204753138, 0.0), Orientation: (0.0, 0.0, 0.23749721572979876, 0.9713882192617911)
Time: 47.9, Position: (3.827291301235093, 3.0571604206313348, 0.0), Orientation: (0.0, 0.0, 0.2518418354926019, 0.9677684071593354)
Time: 48.7, Position: (4.0807497346279344, 3.2346181652482833, 0.0), Orientation: (0.0, 0.0, 0.31881947237958297, 0.9478154588481896)
Time: 49.5, Position: (4.334962735292885, 3.4325167345583427, 0.0), Orientation: (0.0, 0.0, 0.307685225620709, 0.9514882037811785)
Time: 50.3, Position: (4.5811525812148775, 3.626847184595179, 0.0), Orientation: (0.0, 0.0, 0.3094268272244129, 0.9509232558907335)
Time: 51.1, Position: (4.8368080798674375, 3.814429953063323, 0.0), Orientation: (0.0, 0.0, 0.3102659007490414, 0.9506498150383168)
Time: 51.9, Position: (5.09803821168551, 3.992060391752496, 0.0), Orientation: (0.0, 0.0, 0.27981996053056724, 0.9600524931943418)
Time: 52.7, Position: (5.376937991164306, 4.142122444553397, 0.0), Orientation: (0.0, 0.0, 0.2033084527361532, 0.9791147394692981)
Time: 53.4, Position: (5.641032521099715, 4.226360054498521, 0.0), Orientation: (0.0, 0.0, 0.1410273373069596, 0.9900057020705028)
Time: 54.1, Position: (5.916994913827608, 4.300325059266109, 0.0), Orientation: (0.0, 0.0, 0.1563002725346847, 0.9877095852554957)
Time: 54.8, Position: (6.1743841530426735, 4.399270705453288, 0.0), Orientation: (0.0, 0.0, 0.21031542644787532, 0.9776335823804583)
Time: 55.6, Position: (6.448889309494732, 4.553983632834549, 0.0), Orientation: (0.0, 0.0, 0.2959894828542246, 0.9551911986820695)
Time: 56.5, Position: (6.7133892150706345, 4.777412479119405, 0.0), Orientation: (0.0, 0.0, 0.39383129265538624, 0.9191827418557137)
Time: 57.4, Position: (6.9198503368588185, 5.044940129831333, 0.0), Orientation: (0.0, 0.0, 0.4939658016945888, 0.8694813320343469)
Time: 58.2, Position: (7.049453351959661, 5.3076382579137675, 0.0), Orientation: (0.0, 0.0, 0.5840592958682264, 0.8117109946957178)
Time: 59.0, Position: (7.109818181323427, 5.582789735297087, 0.0), Orientation: (0.0, 0.0, 0.6734175672885918, 0.7392623215524479)
Time: 59.8, Position: (7.106398876793722, 5.84143813763285, 0.0), Orientation: (0.0, 0.0, 0.7534010288511721, 0.6575613201261121)
Time: 60.6, Position: (7.038891147423503, 6.043568386907428, 0.0), Orientation: (0.0, 0.0, 0.8232016271950306, 0.5677491356078437)
Time: 61.4, Position: (6.92307296119038, 6.269986834048495, 0.0), Orientation: (0.0, 0.0, 0.8827379292143971, 0.4698656705126243)
Time: 62.2, Position: (6.741835173213918, 6.469294539294563, 0.0), Orientation: (0.0, 0.0, 0.9309026413542102, 0.36526739838063127)
Time: 62.9, Position: (6.536601960247483, 6.6319220356933295, 0.0), Orientation: (0.0, 0.0, 0.963493204836848, 0.26773278512953863)
Time: 63.7, Position: (6.258262343369413, 6.765800542150962, 0.0), Orientation: (0.0, 0.0, 0.9876518826384445, 0.15666447817146092)
Time: 64.4, Position: (5.994369025141782, 6.82164576197094, 0.0), Orientation: (0.0, 0.0, 0.9978517672006785, 0.06551221790233465)
Time: 65.1, Position: (5.724226491643585, 6.836480374257483, 0.0), Orientation: (0.0, 0.0, -0.9998103862954216, 0.019472838925022707)
Time: 65.8, Position: (5.44925584528554, 6.804888823093587, 0.0), Orientation: (0.0, 0.0, -0.9949112703528447, 0.10075497072050026)
Time: 66.5, Position: (5.184177525808142, 6.735004286674007, 0.0), Orientation: (0.0, 0.0, -0.9849001358865674, 0.17312343091165047)
Time: 67.2, Position: (4.929108156507985, 6.630124436839589, 0.0), Orientation: (0.0, 0.0, -0.9711549266597204, 0.23844938335955734)
Time: 68.0, Position: (4.650319740516806, 6.498440496578583, 0.0), Orientation: (0.0, 0.0, -0.972918035925193, 0.2311503739375405)
Time: 68.7, Position: (4.403792827406104, 6.388172265311441, 0.0), Orientation: (0.0, 0.0, -0.9865564218823926, 0.16342100979559085)
Time: 69.4, Position: (4.141153500426123, 6.313418332802015, 0.0), Orientation: (0.0, 0.0, -0.9915477061284572, 0.12974261624999953)
Time: 70.1, Position: (3.869836868600029, 6.236563407839752, 0.0), Orientation: (0.0, 0.0, -0.9923423023705638, 0.12351823721980741)
Time: 70.8, Position: (3.6038583718867994, 6.19793097967533, 0.0), Orientation: (0.0, 0.0, -0.9996658749116275, 0.025848375909721912)
Time: 71.5, Position: (3.3347914651810076, 6.213874845529721, 0.0), Orientation: (0.0, 0.0, 0.9971161273351987, 0.07589089937572027)
Time: 72.2, Position: (3.0652573231966245, 6.284867960646275, 0.0), Orientation: (0.0, 0.0, 0.98578485554917, 0.16801255479844976)
Time: 73.0, Position: (2.783089606854931, 6.415431418820084, 0.0), Orientation: (0.0, 0.0, 0.964884476057821, 0.26267460452549296)
Time: 73.8, Position: (2.5383526210467675, 6.602412964355849, 0.0), Orientation: (0.0, 0.0, 0.9349647721083113, 0.354740574105153)
Time: 74.6, Position: (2.3420250587557967, 6.8248317353667725, 0.0), Orientation: (0.0, 0.0, 0.8908365829897708, 0.4543238739127731)
Time: 75.4, Position: (2.1763270217029196, 7.096415727283286, 0.0), Orientation: (0.0, 0.0, 0.8545671674215621, 0.5193408864754322)
Time: 76.2, Position: (2.020128588101587, 7.373538686115597, 0.0), Orientation: (0.0, 0.0, 0.8781334058395922, 0.47841584583765406)
Time: 77.0, Position: (1.8314410775890477, 7.606668127968187, 0.0), Orientation: (0.0, 0.0, 0.9240167784306919, 0.38235192320500455)
Time: 77.8, Position: (1.6026246244067601, 7.801482844503598, 0.0), Orientation: (0.0, 0.0, 0.9602983258339787, 0.27897513401817314)
Time: 78.5, Position: (1.3729167960305562, 7.924956873154914, 0.0), Orientation: (0.0, 0.0, 0.9834869851680652, 0.1809788661834027)
Time: 79.3, Position: (1.15539913526545, 7.991453385746155, 0.0), Orientation: (0.0, 0.0, 0.997395430927387, 0.0721273482471932)
