Time: 0.0, Position: (2.031716725726274, 2.0284206337689934, 0.0), Orientation: (0.0, 0.0, 0.00423795149832863, 0.9999910198432272)
Time: 27.3, Position: (1.8921521680046003, 2.041687900668367, 0.0), Orientation: (0.0, 0.0, -0.09897362717128819, 0.9950900567911222)
Time: 29.1, Position: (1.9989848106458639, 2.002709694402649, 0.0), Orientation: (0.0, 0.0, -0.2079004663927002, 0.9781499864916923)
Time: 30.8, Position: (2.252206165006304, 1.868141472249496, 0.0), Orientation: (0.0, 0.0, -0.2349032494914033, 0.9720187567009083)
Time: 32.3, Position: (2.4958218357826465, 1.7062864225235674, 0.0), Orientation: (0.0, 0.0, -0.2793017464194092, 0.9602033818140134)
Time: 33.8, Position: (2.6418819506052227, 1.5892193699043824, 0.0), Orientation: (0.0, 0.0, -0.3775430539687908, 0.9259920314991478)
Time: 35.5, Position: (2.6023287597485654, 1.6403933503792343, 0.0), Orientation: (0.0, 0.0, -0.4751754123172423, 0.8798910884473935)
Time: 37.0, Position: (2.5429785909602165, 1.7767901790858291, 0.0), Orientation: (0.0, 0.0, -0.5636168502240834, 0.8260363467447925)
Time: 38.6, Position: (2.560317528913955, 1.6774824430268749, 0.0), Orientation: (0.0, 0.0, -0.6448168012569072, 0.7643371591233873)
Time: 40.0, Position: (2.572748906148072, 1.5137845942030492, 0.0), Orientation: (0.0, 0.0, -0.7230176592591457, 0.6908295480069058)
Time: 41.5, Position: (2.5615521720238124, 1.4009686369487266, 0.0), Orientation: (0.0, 0.0, -0.7918748479968156, 0.6106834082485132)
Time: 43.0, Position: (2.5281660489228917, 1.304096830085765, 0.0), Orientation: (0.0, 0.0, -0.8512352433698722, 0.5247842989696189)
Time: 44.5, Position: (2.471409436211327, 1.218298046407962, 0.0), Orientation: (0.0, 0.0, -0.8998773577161974, 0.4361430282255065)
Time: 46.2, Position: (2.5854644483594815, 1.319381326020848, 0.0), Orientation: (0.0, 0.0, -0.94080693923724, 0.33894292009578286)
Time: 47.7, Position: (2.755768917252019, 1.4320765099125787, 0.0), Orientation: (0.0, 0.0, -0.9705194332770072, 0.2410228819669966)
Time: 49.4, Position: (2.855404434197664, 1.4747901952471432, 0.0), Orientation: (0.0, 0.0, -0.9898674911574356, 0.14199418984481144)
Time: 51.2, Position: (2.955743425138295, 1.4905156334841891, 0.0), Orientation: (0.0, 0.0, -0.9993171214624698, 0.03694984102758138)
Time: 52.9, Position: (3.059190403355094, 1.4875787152326891, 0.0), Orientation: (0.0, 0.0, 0.997794913311745, 0.06637251667073744)
Time: 54.7, Position: (3.159679296519439, 1.4633431697380304, 0.0), Orientation: (0.0, 0.0, 0.9855891947150616, 0.16915655252137457)
Time: 56.2, Position: (3.1310343422828146, 1.4839215367170253, 0.0), Orientation: (0.0, 0.0, 0.9623957820667205, 0.2716511709162791)
Time: 57.6, Position: (3.0533857177601127, 1.5469365804100481, 0.0), Orientation: (0.0, 0.0, 0.9298558164715627, 0.3679241233923153)
Time: 59.1, Position: (2.9831004452528003, 1.6195514235776791, 0.0), Orientation: (0.0, 0.0, 0.8863526965433343, 0.46301068813836255)
Time: 60.6, Position: (2.935098660176663, 1.708707063134934, 0.0), Orientation: (0.0, 0.0, 0.8352048204222465, 0.5499390038390103)
Time: 62.1, Position: (2.8993804820392177, 1.8299547308911779, 0.0), Orientation: (0.0, 0.0, 0.7738218589325668, 0.6334032922539531)
Time: 63.3, Position: (2.8844897927107183, 2.000838305970566, 0.0), Orientation: (0.0, 0.0, 0.7060457384104866, 0.7081662342080359)
Time: 64.4, Position: (2.903497385197571, 2.186780089761261, 0.0), Orientation: (0.0, 0.0, 0.6307745486858817, 0.7759661517940858)
Time: 65.6, Position: (2.9647507534803506, 2.387182055561519, 0.0), Orientation: (0.0, 0.0, 0.54271945040754, 0.8399140421193931)
Time: 66.8, Position: (3.073638544800924, 2.5747819834665084, 0.0), Orientation: (0.0, 0.0, 0.4472979800265151, 0.8943849937606284)
Time: 68.0, Position: (3.228740923292539, 2.7436322027199505, 0.0), Orientation: (0.0, 0.0, 0.3515380801865072, 0.936173583358762)
Time: 69.4, Position: (3.4444369867491407, 2.9028458955143717, 0.0), Orientation: (0.0, 0.0, 0.2526081419468322, 0.9675686676521564)
Time: 70.8, Position: (3.714538530219136, 3.0244064045908248, 0.0), Orientation: (0.0, 0.0, 0.15108288407402343, 0.9885210984798833)
Time: 72.0, Position: (3.9665934748923326, 3.0819922034452856, 0.0), Orientation: (0.0, 0.0, 0.0670721425746579, 0.9977481283823312)
Time: 73.2, Position: (4.226419486271373, 3.107294551169042, 0.0), Orientation: (0.0, 0.0, 0.038562999321284555, 0.9992561709008089)
Time: 74.3, Position: (4.47835700950754, 3.121524108247913, 0.0), Orientation: (0.0, 0.0, 0.023804708601612216, 0.999716627774287)
Time: 75.5, Position: (4.741094082309675, 3.134788491533848, 0.0), Orientation: (0.0, 0.0, 0.014960476651689605, 0.9998880858067838)
Time: 76.6, Position: (4.9906944834079985, 3.1430704927072033, 0.0), Orientation: (0.0, 0.0, 0.011903256656957314, 0.9999291537308824)
Time: 77.8, Position: (5.254534349102519, 3.1452764666188076, 0.0), Orientation: (0.0, 0.0, 0.009848146035706822, 0.9999515058339876)
Time: 79.1, Position: (5.519097526001467, 3.1729814562496386, 0.0), Orientation: (0.0, 0.0, 0.09734627268387373, 0.995250573069193)
Time: 80.4, Position: (5.773073206468865, 3.2249195951994065, 0.0), Orientation: (0.0, 0.0, 0.06289062610380979, 0.9980204252159727)
Time: 81.7, Position: (6.039653599268762, 3.234897431653276, 0.0), Orientation: (0.0, 0.0, -0.02722892104952545, 0.9996292241918894)
Time: 82.9, Position: (6.304392623094252, 3.212109946744363, 0.0), Orientation: (0.0, 0.0, -0.06155692742724845, 0.998103574127313)
Time: 84.1, Position: (6.563381796465548, 3.1880611780652717, 0.0), Orientation: (0.0, 0.0, -0.06500768519133575, 0.9978847633199257)
Time: 85.3, Position: (6.825213383365134, 3.1555453770537993, 0.0), Orientation: (0.0, 0.0, -0.06632530050356915, 0.9977980529711968)
Time: 86.6, Position: (7.09523709726608, 3.113375531722102, 0.0), Orientation: (0.0, 0.0, -0.10152339357167679, 0.9948331521203394)
Time: 88.0, Position: (7.3651778849813345, 3.04163077525129, 0.0), Orientation: (0.0, 0.0, -0.16437231315711062, 0.9863983691528392)
Time: 89.5, Position: (7.623668101741091, 2.9253525099665816, 0.0), Orientation: (0.0, 0.0, -0.23385393381348155, 0.9722717406363098)
Time: 91.0, Position: (7.886296249868447, 2.778524171778516, 0.0), Orientation: (0.0, 0.0, -0.2198607861319203, 0.9755312576855003)
Time: 92.6, Position: (8.132176388772757, 2.6839169290390075, 0.0), Orientation: (0.0, 0.0, -0.13685049760650186, 0.9905917127176327)
Time: 94.2, Position: (8.38126408763994, 2.636481031609697, 0.0), Orientation: (0.0, 0.0, -0.032653463730619586, 0.9994667334665988)
Time: 95.5, Position: (8.585062322148952, 2.653686291051602, 0.0), Orientation: (0.0, 0.0, 0.0713796674756077, 0.9974492182918746)
Time: 96.7, Position: (8.74033423542148, 2.6903296557793412, 0.0), Orientation: (0.0, 0.0, 0.17562916483021176, 0.9844563964244645)
Time: 98.1, Position: (8.862334492628493, 2.7436175811362404, 0.0), Orientation: (0.0, 0.0, 0.2759039668722564, 0.9611852064322218)
Time: 99.9, Position: (8.917014004391955, 2.7898659345236667, 0.0), Orientation: (0.0, 0.0, 0.3755149412055489, 0.9268163404533787)
Time: 101.1, Position: (9.011088017195943, 2.9019174761377835, 0.0), Orientation: (0.0, 0.0, 0.4689555608410145, 0.8832217626147408)
Time: 102.3, Position: (9.11292122303708, 3.088129422069976, 0.0), Orientation: (0.0, 0.0, 0.5566436079581444, 0.8307514030799705)
Time: 103.6, Position: (9.187622587946178, 3.336915721266476, 0.0), Orientation: (0.0, 0.0, 0.6398773525841136, 0.7684770482258698)
Time: 104.9, Position: (9.207354187696852, 3.605719237543333, 0.0), Orientation: (0.0, 0.0, 0.7102256285250604, 0.703974116417772)
Time: 106.1, Position: (9.192553790592719, 3.8657239946612134, 0.0), Orientation: (0.0, 0.0, 0.7535926725410382, 0.6573416797164588)
Time: 107.3, Position: (9.160051112180698, 4.134124011203379, 0.0), Orientation: (0.0, 0.0, 0.7445492646868798, 0.6675675190227778)
Time: 108.5, Position: (9.135046926332306, 4.398487850120058, 0.0), Orientation: (0.0, 0.0, 0.7457267221540979, 0.6662519462375363)
Time: 109.7, Position: (9.115939028070665, 4.661589376486022, 0.0), Orientation: (0.0, 0.0, 0.726605154095287, 0.6870552743718399)
Time: 110.9, Position: (9.106289972342074, 4.911005768253281, 0.0), Orientation: (0.0, 0.0, 0.719859616673783, 0.6941196815263736)
Time: 112.1, Position: (9.103188758539325, 5.172723495974308, 0.0), Orientation: (0.0, 0.0, 0.7168006361946304, 0.6972781711418858)
Time: 113.3, Position: (9.104127685197692, 5.426183520125599, 0.0), Orientation: (0.0, 0.0, 0.7127530234232842, 0.7014150893735943)
Time: 114.5, Position: (9.10784249512893, 5.680111002468538, 0.0), Orientation: (0.0, 0.0, 0.7021075199736072, 0.712070944777633)
Time: 115.7, Position: (9.113214238133116, 5.940298379022948, 0.0), Orientation: (0.0, 0.0, 0.7203281749936297, 0.6936334192571367)
Time: 116.9, Position: (9.109123928880011, 6.20114573710835, 0.0), Orientation: (0.0, 0.0, 0.7108223027016343, 0.7033716329096207)
Time: 118.1, Position: (9.115206766631394, 6.4509821099455475, 0.0), Orientation: (0.0, 0.0, 0.7055154740461802, 0.7086945152048192)
Time: 119.3, Position: (9.120076876807731, 6.702204018857148, 0.0), Orientation: (0.0, 0.0, 0.7041209308494241, 0.7100800762869921)
Time: 120.5, Position: (9.124342734385339, 6.9587374981926535, 0.0), Orientation: (0.0, 0.0, 0.698625694729366, 0.7154873434687092)
Time: 121.7, Position: (9.134503075348409, 7.220206838083043, 0.0), Orientation: (0.0, 0.0, 0.6881426872290782, 0.7255753868573155)
Time: 122.9, Position: (9.159891684147032, 7.490675523969247, 0.0), Orientation: (0.0, 0.0, 0.6932174000045553, 0.7207285455224626)
Time: 124.1, Position: (9.151267296860881, 7.757637448509917, 0.0), Orientation: (0.0, 0.0, 0.7422508703021055, 0.6701221124062144)
Time: 125.4, Position: (9.120273362057846, 8.022768369009876, 0.0), Orientation: (0.0, 0.0, 0.7627251111544604, 0.646722819153937)
Time: 126.7, Position: (9.055424830425636, 8.270660418424459, 0.0), Orientation: (0.0, 0.0, 0.8261855611174178, 0.5633980995717837)
Time: 127.9, Position: (8.956740097965485, 8.497839645806259, 0.0), Orientation: (0.0, 0.0, 0.8781965908008611, 0.4782998514590455)
Time: 129.1, Position: (8.812270008568094, 8.695286324337987, 0.0), Orientation: (0.0, 0.0, 0.9223242033239948, 0.38641695610151255)
Time: 130.4, Position: (8.615900667375897, 8.861865336915102, 0.0), Orientation: (0.0, 0.0, 0.9569020326637369, 0.29041091557310417)
Time: 131.8, Position: (8.37464461139805, 8.98974530287149, 0.0), Orientation: (0.0, 0.0, 0.9817794664831702, 0.19002389110851783)
Time: 133.1, Position: (8.116321545873758, 9.069301558293333, 0.0), Orientation: (0.0, 0.0, 0.9952735335710035, 0.09711124225901227)
Time: 134.3, Position: (7.855548309818904, 9.097649811486344, 0.0), Orientation: (0.0, 0.0, 0.9998810487006392, 0.015423632818179657)
Time: 135.5, Position: (7.591470403546816, 9.097704275930282, 0.0), Orientation: (0.0, 0.0, 0.999998520942515, 0.0017199165045084534)
Time: 136.7, Position: (7.322382515143275, 9.099189499459284, 0.0), Orientation: (0.0, 0.0, -0.99999029081222, 0.004406617897172132)
Time: 137.9, Position: (7.052292112495239, 9.089771640003177, 0.0), Orientation: (0.0, 0.0, 0.9999994462767178, 0.0010523527250435798)
Time: 139.1, Position: (6.795613223015372, 9.089971522318578, 0.0), Orientation: (0.0, 0.0, 0.9999993310548374, 0.0011566718971617218)
Time: 140.3, Position: (6.526672650629561, 9.08624076285759, 0.0), Orientation: (0.0, 0.0, -0.9999892349146134, 0.004640049017640846)
Time: 141.5, Position: (6.258444232002259, 9.087198190062447, 0.0), Orientation: (0.0, 0.0, -0.9999999998797727, 1.550659390014465e-05)
Time: 142.7, Position: (5.996097972189735, 9.086647366586456, 0.0), Orientation: (0.0, 0.0, -0.9999997580784602, 0.0006955882554301831)
Time: 143.9, Position: (5.73126421004173, 9.089453246267704, 0.0), Orientation: (0.0, 0.0, -0.9999571597536551, 0.009256276649014785)
Time: 145.1, Position: (5.463747463048209, 9.091402411624042, 0.0), Orientation: (0.0, 0.0, -0.9999676775943598, 0.008040134734098002)
Time: 146.3, Position: (5.201900940617271, 9.082765555251092, 0.0), Orientation: (0.0, 0.0, 0.9999920929635965, 0.00397668332732195)
Time: 147.5, Position: (4.93536218259295, 9.084287137292494, 0.0), Orientation: (0.0, 0.0, 0.9999989687419308, 0.0014361459100428655)
Time: 148.7, Position: (4.664307044824203, 9.078711660995744, 0.0), Orientation: (0.0, 0.0, -0.9999863584667658, 0.005223301673952634)
Time: 149.9, Position: (4.397605831005884, 9.076054417340867, 0.0), Orientation: (0.0, 0.0, -0.999934503642319, 0.011445017500607757)
Time: 151.1, Position: (4.131686002804913, 9.081004080377442, 0.0), Orientation: (0.0, 0.0, -0.9999890211796788, 0.004685885200041857)
Time: 152.3, Position: (3.8524449615262473, 9.077870425341889, 0.0), Orientation: (0.0, 0.0, 0.9999943912353585, 0.0033492533234766217)
Time: 153.5, Position: (3.5800518064452587, 9.073990331286245, 0.0), Orientation: (0.0, 0.0, -0.9999591111792668, 0.009043006666514196)
Time: 154.7, Position: (3.309281273541124, 9.074551710116815, 0.0), Orientation: (0.0, 0.0, 0.9999999849366239, 0.00017357059638751777)
Time: 155.9, Position: (3.042015789711306, 9.07351137945997, 0.0), Orientation: (0.0, 0.0, -0.9998259398379656, 0.018657170930465882)
Time: 157.1, Position: (2.7733854292297386, 9.061055155707765, 0.0), Orientation: (0.0, 0.0, -0.999661956386902, 0.02599947985463568)
Time: 158.3, Position: (2.5116434848193654, 9.051076329554563, 0.0), Orientation: (0.0, 0.0, -0.9999916663927729, 0.004082541488477223)
Time: 159.5, Position: (2.2457903746078993, 9.043664298307863, 0.0), Orientation: (0.0, 0.0, -0.9996105294466988, 0.027906798800479683)
Time: 160.7, Position: (1.9772735261606817, 9.025200429957492, 0.0), Orientation: (0.0, 0.0, -0.9994876140717602, 0.03200795709101128)
Time: 161.9, Position: (1.711056515726431, 8.994889882990588, 0.0), Orientation: (0.0, 0.0, -0.999475316395362, 0.03238968842689112)
Time: 163.1, Position: (1.4477868155676294, 8.988707073189394, 0.0), Orientation: (0.0, 0.0, 0.9999251859372295, 0.012232028793175835)
Time: 164.4, Position: (1.1967281994039745, 9.014331901338005, 0.0), Orientation: (0.0, 0.0, 0.9976289710470005, 0.06882177073937323)
