Time: 0.0, Position: (2.0, 2.0, 0.0), Orientation: (0.0, 0.0, 0.0, 1.0)
Time: 20.0, Position: (2.0, 2.0, 0.0), Orientation: (0.0, 0.0, 0.0, 1.0)
Time: 20.1, Position: (2.0, 2.0, 0.0), Orientation: (0.0, 0.0, 0.0, 1.0)
Time: 20.2, Position: (2.0, 2.0, 0.0), Orientation: (0.0, 0.0, 0.0, 1.0)
Time: 20.3, Position: (2.0, 2.0, 0.0), Orientation: (0.0, 0.0, 0.0, 1.0)
Time: 20.4, Position: (2.0, 2.0, 0.0), Orientation: (0.0, 0.0, 0.0, 1.0)
Time: 20.5, Position: (2.0, 2.0, 0.0), Orientation: (0.0, 0.0, 0.0, 1.0)
Time: 20.6, Position: (2.0, 2.0, 0.0), Orientation: (0.0, 0.0, 0.0, 1.0)
Time: 20.7, Position: (2.0, 2.0, 0.0), Orientation: (0.0, 0.0, 0.0, 1.0)
Time: 20.8, Position: (2.0, 2.0, 0.0), Orientation: (0.0, 0.0, 0.0, 1.0)
Time: 20.9, Position: (2.0, 2.0, 0.0), Orientation: (0.0, 0.0, 0.0, 1.0)
Time: 21.0, Position: (2.0, 2.0, 0.0), Orientation: (0.0, 0.0, 0.0, 1.0)
Time: 21.1, Position: (2.0, 2.0, 0.0), Orientation: (0.0, 0.0, 0.0, 1.0)
Time: 21.2, Position: (2.0, 2.0, 0.0), Orientation: (0.0, 0.0, 0.0, 1.0)
Time: 21.3, Position: (2.0, 2.0, 0.0), Orientation: (0.0, 0.0, 0.0, 1.0)
Time: 21.4, Position: (2.0, 2.0, 0.0), Orientation: (0.0, 0.0, 0.0, 1.0)
Time: 21.5, Position: (2.0, 2.0, 0.0), Orientation: (0.0, 0.0, 0.0, 1.0)
Time: 21.6, Position: (2.0, 2.0, 0.0), Orientation: (0.0, 0.0, 0.0, 1.0)
Time: 21.7, Position: (2.0, 2.0, 0.0), Orientation: (0.0, 0.0, 0.0, 1.0)
Time: 21.8, Position: (2.0, 2.0, 0.0), Orientation: (0.0, 0.0, 0.0, 1.0)
Time: 21.9, Position: (2.0, 2.0, 0.0), Orientation: (0.0, 0.0, 0.0, 1.0)
Time: 22.0, Position: (2.0, 2.0, 0.0), Orientation: (0.0, 0.0, 0.0, 1.0)
Time: 22.1, Position: (2.0, 2.0, 0.0), Orientation: (0.0, 0.0, 0.0, 1.0)
Time: 22.2, Position: (2.0, 2.0, 0.0), Orientation: (0.0, 0.0, 0.0, 1.0)
Time: 22.3, Position: (2.0, 2.0, 0.0), Orientation: (0.0, 0.0, 0.0, 1.0)
Time: 22.4, Position: (2.0, 2.0, 0.0), Orientation: (0.0, 0.0, 0.0, 1.0)
Time: 22.5, Position: (2.0, 2.0, 0.0), Orientation: (0.0, 0.0, 0.0, 1.0)
Time: 22.7, Position: (2.0, 2.0, 0.0), Orientation: (0.0, 0.0, 0.0, 1.0)
Time: 22.7, Position: (2.0, 2.0, 0.0), Orientation: (0.0, 0.0, 0.0, 1.0)
Time: 22.8, Position: (2.0, 2.0, 0.0), Orientation: (0.0, 0.0, 0.0, 1.0)
Time: 22.9, Position: (2.0, 2.0, 0.0), Orientation: (0.0, 0.0, 0.0, 1.0)
Time: 23.0, Position: (2.0, 2.0, 0.0), Orientation: (0.0, 0.0, 0.0, 1.0)
Time: 23.1, Position: (2.0, 2.0, 0.0), Orientation: (0.0, 0.0, 0.0, 1.0)
Time: 23.2, Position: (2.0, 2.0, 0.0), Orientation: (0.0, 0.0, 0.0, 1.0)
Time: 23.3, Position: (2.0, 2.0, 0.0), Orientation: (0.0, 0.0, 0.0, 1.0)
Time: 23.4, Position: (2.0, 2.0, 0.0), Orientation: (0.0, 0.0, 0.0, 1.0)
Time: 23.5, Position: (2.0, 2.0, 0.0), Orientation: (0.0, 0.0, 0.0, 1.0)
Time: 23.6, Position: (2.0, 2.0, 0.0), Orientation: (0.0, 0.0, 0.0, 1.0)
Time: 23.7, Position: (2.0, 2.0, 0.0), Orientation: (0.0, 0.0, 0.0, 1.0)
Time: 23.8, Position: (2.0, 2.0, 0.0), Orientation: (0.0, 0.0, 0.0, 1.0)
Time: 23.9, Position: (2.0, 2.0, 0.0), Orientation: (0.0, 0.0, 0.0, 1.0)
Time: 24.0, Position: (2.0, 2.0, 0.0), Orientation: (0.0, 0.0, 0.0, 1.0)
Time: 24.1, Position: (2.0, 2.0, 0.0), Orientation: (0.0, 0.0, 0.0, 1.0)
Time: 24.2, Position: (2.0, 2.0, 0.0), Orientation: (0.0, 0.0, 0.0, 1.0)
Time: 24.3, Position: (2.0, 2.0, 0.0), Orientation: (0.0, 0.0, 0.0, 1.0)
Time: 24.4, Position: (2.0, 2.0, 0.0), Orientation: (0.0, 0.0, 0.0, 1.0)
Time: 24.5, Position: (2.0, 2.0, 0.0), Orientation: (0.0, 0.0, 0.0, 1.0)
Time: 24.6, Position: (2.0, 2.0, 0.0), Orientation: (0.0, 0.0, 0.0, 1.0)
Time: 24.7, Position: (2.0, 2.0, 0.0), Orientation: (0.0, 0.0, 0.0, 1.0)
Time: 24.8, Position: (2.0, 2.0, 0.0), Orientation: (0.0, 0.0, 0.0, 1.0)
Time: 24.9, Position: (2.0, 2.0, 0.0), Orientation: (0.0, 0.0, 0.0, 1.0)
Time: 25.0, Position: (2.0, 2.0, 0.0), Orientation: (0.0, 0.0, 0.0, 1.0)
Time: 25.1, Position: (2.0, 2.0, 0.0), Orientation: (0.0, 0.0, 0.0, 1.0)
Time: 25.2, Position: (2.0, 2.0, 0.0), Orientation: (0.0, 0.0, 0.0, 1.0)
Time: 25.3, Position: (2.0, 2.0, 0.0), Orientation: (0.0, 0.0, 0.0, 1.0)
Time: 25.5, Position: (2.0, 2.0, 0.0), Orientation: (0.0, 0.0, 0.0, 1.0)
Time: 25.5, Position: (2.0, 2.0, 0.0), Orientation: (0.0, 0.0, 0.0, 1.0)
Time: 25.6, Position: (2.0, 2.0, 0.0), Orientation: (0.0, 0.0, 0.0, 1.0)
Time: 25.7, Position: (2.0057755322191686, 2.0, 0.0), Orientation: (0.0, 0.0, 0.00600738557879025, 0.9999819554964517)
Time: 25.8, Position: (2.0115506475756515, 2.000069390445788, 0.0), Orientation: (0.0, 0.0, 0.012014554356999715, 0.9999278226370155)
Time: 25.9, Position: (2.020207046967102, 2.0002774410585547, 0.0), Orientation: (0.0, 0.0, 0.020793682788981173, 0.9997837880042221)
Time: 26.0, Position: (2.028858458352429, 2.0006374640072764, 0.0), Orientation: (0.0, 0.0, 0.029571208156067088, 0.9995626761980414)
Time: 26.1, Position: (2.0391111223723053, 2.0012446280290557, 0.0), Orientation: (0.0, 0.0, 0.03996214394758224, 0.9992011944804273)
Time: 26.2, Position: (2.049348944996038, 2.002064844816737, 0.0), Orientation: (0.0, 0.0, 0.05034875974279432, 0.9987316968998042)
Time: 26.3, Position: (2.0713630967898973, 2.004290085719818, 0.0), Orientation: (0.0, 0.0, 0.06380983465919397, 0.997962075933132)
Time: 26.4, Position: (2.093309245629826, 2.00710808631874, 0.0), Orientation: (0.0, 0.0, 0.07725930940361615, 0.9970110325921556)
Time: 26.5, Position: (2.126772944835106, 2.012325683335785, 0.0), Orientation: (0.0, 0.0, 0.09142788130828362, 0.9958117003326876)
Time: 26.6, Position: (2.1600747510923957, 2.0184927071832903, 0.0), Orientation: (0.0, 0.0, 0.1055779676996673, 0.9944110280645564)
Time: 26.7, Position: (2.1948985595470325, 2.0259715938223497, 0.0), Orientation: (0.0, 0.0, 0.11976990586889402, 0.9928016768963257)
Time: 26.8, Position: (2.2294945474520396, 2.0344420720568865, 0.0), Orientation: (0.0, 0.0, 0.1339374108431594, 0.9909897930738897)
Time: 26.9, Position: (2.264410609995678, 2.0440558603302157, 0.0), Orientation: (0.0, 0.0, 0.14797463137289235, 0.9889911569220711)
Time: 27.0, Position: (2.2990400447967767, 2.0546557940032195, 0.0), Orientation: (0.0, 0.0, 0.16198210336289914, 0.9867936958605538)
Time: 27.1, Position: (2.333691877389055, 2.066347006912385, 0.0), Orientation: (0.0, 0.0, 0.17564228364556211, 0.9844540559090464)
Time: 27.2, Position: (2.368006378860823, 2.078994099465013, 0.0), Orientation: (0.0, 0.0, 0.18926872753487317, 0.9819253274955942)
Time: 27.3, Position: (2.4027269444071977, 2.0928955516899315, 0.0), Orientation: (0.0, 0.0, 0.20227426975428903, 0.9793289129783563)
Time: 27.4, Position: (2.4370666101302376, 2.1077129537514154, 0.0), Orientation: (0.0, 0.0, 0.215244234863286, 0.9765602487087618)
Time: 27.5, Position: (2.471554385729693, 2.1236921808858913, 0.0), Orientation: (0.0, 0.0, 0.22785565319219286, 0.9736949220923149)
Time: 27.6, Position: (2.5056173552022702, 2.1405580184376936, 0.0), Orientation: (0.0, 0.0, 0.24042896084734772, 0.9706667372408846)
Time: 27.7, Position: (2.539479505764308, 2.1584294236281525, 0.0), Orientation: (0.0, 0.0, 0.2528291608128895, 0.9675109381514247)
Time: 27.8, Position: (2.5728732694608842, 2.177161452625164, 0.0), Orientation: (0.0, 0.0, 0.26518796657006, 0.9641967342749284)
Time: 27.9, Position: (2.606201528522375, 2.196994601236525, 0.0), Orientation: (0.0, 0.0, 0.2769689680669182, 0.9608788637117306)
Time: 28.0, Position: (2.639034360864807, 2.2176375602367258, 0.0), Orientation: (0.0, 0.0, 0.28870847953997597, 0.9574170532436297)
Time: 28.2, Position: (2.6714272597348137, 2.2391278278149507, 0.0), Orientation: (0.0, 0.0, 0.2999701482711624, 0.9539485888380866)
Time: 28.2, Position: (2.703304737566231, 2.261375477238962, 0.0), Orientation: (0.0, 0.0, 0.3111901645190405, 0.9503476634930043)
Time: 28.3, Position: (2.7347147472416236, 2.2844163153776598, 0.0), Orientation: (0.0, 0.0, 0.3219618513002974, 0.9467526426196471)
Time: 28.4, Position: (2.76559340578526, 2.308164523236095, 0.0), Orientation: (0.0, 0.0, 0.3326920200025551, 0.9430355347634677)
Time: 28.5, Position: (2.7959927020261555, 2.3326625833858516, 0.0), Orientation: (0.0, 0.0, 0.34293020950450454, 0.9393608845428878)
Time: 28.6, Position: (2.8258518806423583, 2.357816144076309, 0.0), Orientation: (0.0, 0.0, 0.35312782227688216, 0.9355750857809259)
Time: 28.7, Position: (2.855480960961028, 2.3838986511281197, 0.0), Orientation: (0.0, 0.0, 0.36067900718510615, 0.932690009475799)
Time: 28.8, Position: (2.8846845069981164, 2.4104567473230207, 0.0), Orientation: (0.0, 0.0, 0.368206623863075, 0.9297439874198467)
Time: 28.9, Position: (2.9137349144922995, 2.437746548645105, 0.0), Orientation: (0.0, 0.0, 0.3721170795068162, 0.9281857999017857)
Time: 29.0, Position: (2.9425545439801963, 2.465279953591774, 0.0), Orientation: (0.0, 0.0, 0.37602094138040787, 0.9266111652917808)
Time: 29.1, Position: (2.971243109680027, 2.493153878054946, 0.0), Orientation: (0.0, 0.0, 0.3759020645789043, 0.9266593968904202)
Time: 29.2, Position: (2.999938826252474, 2.521020440765225, 0.0), Orientation: (0.0, 0.0, 0.37578318159081175, 0.9267076132381168)
Time: 29.3, Position: (3.0285380317310704, 2.5487790267025994, 0.0), Orientation: (0.0, 0.0, 0.3718436217944859, 0.9282953845251841)
Time: 29.4, Position: (3.0573720111173057, 2.5762936642616108, 0.0), Orientation: (0.0, 0.0, 0.3678973535119563, 0.9298664082968578)
Time: 29.5, Position: (3.086416178245418, 2.6035412545948993, 0.0), Orientation: (0.0, 0.0, 0.363543488111489, 0.9315772282810114)
Time: 29.6, Position: (3.1157139955002138, 2.6305159228457047, 0.0), Orientation: (0.0, 0.0, 0.3591816672710783, 0.9332676625150839)
Time: 29.7, Position: (3.1450529567777825, 2.657025611761729, 0.0), Orientation: (0.0, 0.0, 0.3521272495151834, 0.9359521356078374)
Time: 29.8, Position: (3.17478874730793, 2.6830893992228453, 0.0), Orientation: (0.0, 0.0, 0.34505277064533774, 0.9385832863789851)
Time: 29.9, Position: (3.2043097780768144, 2.7081871549430816, 0.0), Orientation: (0.0, 0.0, 0.3333759382195769, 0.9427939773970858)
Time: 30.0, Position: (3.234444720415037, 2.7325443684561677, 0.0), Orientation: (0.0, 0.0, 0.3216477397845431, 0.9468594042895149)
Time: 30.1, Position: (3.2654911679222827, 2.7563888519989415, 0.0), Orientation: (0.0, 0.0, 0.31190265230012754, 0.9501140644618128)
Time: 30.2, Position: (3.297020995594563, 2.779590387835995, 0.0), Orientation: (0.0, 0.0, 0.3021246405143007, 0.9532684310277482)
Time: 30.3, Position: (3.3295763857777136, 2.8025306104090553, 0.0), Orientation: (0.0, 0.0, 0.2976799817484941, 0.9546657155602772)
Time: 30.4, Position: (3.3623441221649664, 2.825166482244137, 0.0), Orientation: (0.0, 0.0, 0.2932288611255587, 0.956042276786444)
Time: 30.5, Position: (3.3951887478478437, 2.847406243809298, 0.0), Orientation: (0.0, 0.0, 0.2870565673132396, 0.9579136324128285)
Time: 30.6, Position: (3.428317514967346, 2.8692204873181923, 0.0), Orientation: (0.0, 0.0, 0.28087233218230717, 0.9597451396149249)
Time: 30.7, Position: (3.4612747011043856, 2.89031738983056, 0.0), Orientation: (0.0, 0.0, 0.27091058442891075, 0.9626045165302238)
Time: 30.8, Position: (3.4946620745614636, 2.910726669762136, 0.0), Orientation: (0.0, 0.0, 0.2609197375046512, 0.965360497731549)
Time: 30.9, Position: (3.5287331303087517, 2.9305957533921334, 0.0), Orientation: (0.0, 0.0, 0.25287170468371306, 0.9674998196229047)
Time: 31.0, Position: (3.563130366550155, 2.949894651365431, 0.0), Orientation: (0.0, 0.0, 0.2448061358345367, 0.9695720477910665)
Time: 31.1, Position: (3.5980872403488067, 2.9687490746244913, 0.0), Orientation: (0.0, 0.0, 0.2390494686444123, 0.9710073900546917)
Time: 31.2, Position: (3.633265371527282, 2.9871873876979986, 0.0), Orientation: (0.0, 0.0, 0.23328438705055224, 0.9724085534169514)
Time: 31.3, Position: (3.6688995018815715, 3.0053290251645763, 0.0), Orientation: (0.0, 0.0, 0.23201530745873059, 0.9727121347576737)
Time: 31.4, Position: (3.7045808563334233, 3.023377604071421, 0.0), Orientation: (0.0, 0.0, 0.23074583280872799, 0.9730140598374756)
Time: 31.5, Position: (3.740142798215177, 3.041249379794865, 0.0), Orientation: (0.0, 0.0, 0.23560008396946372, 0.971850091543743)
Time: 31.6, Position: (3.7755245440974172, 3.0594752991471204, 0.0), Orientation: (0.0, 0.0, 0.24044846431147884, 0.9706619061291379)
Time: 31.7, Position: (3.8102027630572066, 3.077779182001635, 0.0), Orientation: (0.0, 0.0, 0.25002026261142085, 0.968240604541927)
Time: 31.8, Position: (3.844512803797031, 3.096764231440772, 0.0), Orientation: (0.0, 0.0, 0.25956768843010475, 0.9657249169007974)
Time: 31.9, Position: (3.8784454049510204, 3.116425430168551, 0.0), Orientation: (0.0, 0.0, 0.26906133038059094, 0.9631230453549673)
Time: 32.0, Position: (3.9119843746688727, 3.1367508247958127, 0.0), Orientation: (0.0, 0.0, 0.27852890056448254, 0.9604278481751456)
Time: 32.1, Position: (3.945705092187994, 3.1581051398549267, 0.0), Orientation: (0.0, 0.0, 0.28168240994136473, 0.959507696649498)
Time: 32.2, Position: (3.979284784535645, 3.1796805384256452, 0.0), Orientation: (0.0, 0.0, 0.2848328795987946, 0.958577190788232)
Time: 32.3, Position: (4.012792752653222, 3.2015222068028244, 0.0), Orientation: (0.0, 0.0, 0.2853085175139042, 0.9584357306747376)
Time: 32.4, Position: (4.046279027370009, 3.2233971196131432, 0.0), Orientation: (0.0, 0.0, 0.2857840851739626, 0.9582940345537383)
Time: 32.5, Position: (4.07947647337612, 3.245130392229551, 0.0), Orientation: (0.0, 0.0, 0.29183845580258905, 0.9564676239762433)
Time: 32.6, Position: (4.112396394811708, 3.2672817879558362, 0.0), Orientation: (0.0, 0.0, 0.297881155467201, 0.9546029631304971)
Time: 32.7, Position: (4.145120144467632, 3.2899076533591396, 0.0), Orientation: (0.0, 0.0, 0.3028296911926608, 0.9530446884234536)
Time: 32.8, Position: (4.177607366659694, 3.3128718422417363, 0.0), Orientation: (0.0, 0.0, 0.3077700758857466, 0.9514607613502943)
Time: 32.9, Position: (4.210022870738376, 3.336293491550617, 0.0), Orientation: (0.0, 0.0, 0.3087371823779611, 0.9511473872209909)
Time: 33.0, Position: (4.2423906864235335, 3.3597810003328377, 0.0), Orientation: (0.0, 0.0, 0.30970396979081866, 0.9508330300824681)
Time: 33.1, Position: (4.2747018715252185, 3.3833278523624046, 0.0), Orientation: (0.0, 0.0, 0.3082319775761183, 0.9513112256246719)
Time: 33.2, Position: (4.307085789508797, 3.406774574504541, 0.0), Orientation: (0.0, 0.0, 0.30675924701265794, 0.9517871423654698)
Time: 33.3, Position: (4.3395202544774545, 3.430105206626244, 0.0), Orientation: (0.0, 0.0, 0.3044738635931491, 0.9525206907929404)
Time: 33.4, Position: (4.372066342770679, 3.4532798705895247, 0.0), Orientation: (0.0, 0.0, 0.3021867260781951, 0.9532487516813971)
Time: 33.5, Position: (4.404745302684072, 3.4763135377846583, 0.0), Orientation: (0.0, 0.0, 0.3036630115274472, 0.9527794999002033)
Time: 33.6, Position: (4.43735274437329, 3.499448338236825, 0.0), Orientation: (0.0, 0.0, 0.3051385683020897, 0.9523079618141135)
Time: 33.7, Position: (4.469903554196638, 3.5226949046852907, 0.0), Orientation: (0.0, 0.0, 0.3048948105996468, 0.9523860322733663)
Time: 33.8, Position: (4.502466259890906, 3.545924805022297, 0.0), Orientation: (0.0, 0.0, 0.30465103292268675, 0.9524640403391301)
Time: 33.9, Position: (4.535038653200274, 3.569136465599306, 0.0), Orientation: (0.0, 0.0, 0.30525571976065397, 0.952270416191433)
Time: 34.0, Position: (4.567581544681724, 3.5923894698497043, 0.0), Orientation: (0.0, 0.0, 0.30586028353890415, 0.9520764081487899)
Time: 34.1, Position: (4.600090835419833, 3.615680881189899, 0.0), Orientation: (0.0, 0.0, 0.30489609556152414, 0.9523856209074861)
Time: 34.2, Position: (4.632647227213326, 3.638906409814702, 0.0), Orientation: (0.0, 0.0, 0.3039315949830238, 0.952693857212838)
Time: 34.3, Position: (4.665252361213779, 3.6620672210963634, 0.0), Orientation: (0.0, 0.0, 0.30475830396950954, 0.9524297224266093)
Time: 34.4, Position: (4.69781724452633, 3.6852845921200625, 0.0), Orientation: (0.0, 0.0, 0.3055847834074896, 0.9521648702560905)
Time: 34.5, Position: (4.7302578757173555, 3.708498413514858, 0.0), Orientation: (0.0, 0.0, 0.3090981239135498, 0.9510301518843258)
Time: 34.6, Position: (4.762526211327279, 3.731951144118925, 0.0), Orientation: (0.0, 0.0, 0.3126072510575543, 0.9498824698804791)
Time: 34.7, Position: (4.7946152151220875, 3.7556376101050537, 0.0), Orientation: (0.0, 0.0, 0.316215623894782, 0.9486873453381961)
Time: 34.8, Position: (4.82652322203823, 3.779567339106752, 0.0), Orientation: (0.0, 0.0, 0.3198194278345332, 0.9474785135186928)
Time: 34.9, Position: (4.858311046801097, 3.803786688286989, 0.0), Orientation: (0.0, 0.0, 0.3177819828163079, 0.9481638104237768)
Time: 35.0, Position: (4.890202701700172, 3.8278691513185654, 0.0), Orientation: (0.0, 0.0, 0.31574306938663127, 0.9488447260402035)
Time: 35.1, Position: (4.922075852976873, 3.8517231690692637, 0.0), Orientation: (0.0, 0.0, 0.31113232620006254, 0.9503666006301662)
Time: 35.2, Position: (4.9541791403388045, 3.875266551912758, 0.0), Orientation: (0.0, 0.0, 0.30651424805179106, 0.9518660702752489)
Time: 35.3, Position: (4.9866062113191685, 3.898566544008042, 0.0), Orientation: (0.0, 0.0, 0.30369840205562026, 0.9527682197622163)
Time: 35.4, Position: (5.019170502915805, 3.9216743668569194, 0.0), Orientation: (0.0, 0.0, 0.30087990086611804, 0.9536620393277668)
Time: 35.5, Position: (5.05181199574621, 3.944547951685577, 0.0), Orientation: (0.0, 0.0, 0.296864342877021, 0.954919662551879)
Time: 35.6, Position: (5.084644829500013, 3.967146026046157, 0.0), Orientation: (0.0, 0.0, 0.292843528512238, 0.9561603776608305)
Time: 35.7, Position: (5.117139594359745, 3.9891107091925844, 0.0), Orientation: (0.0, 0.0, 0.2834456958838936, 0.9589882885024693)
Time: 35.8, Position: (5.150059200563264, 4.010433386707791, 0.0), Orientation: (0.0, 0.0, 0.2740205628041457, 0.9617238331041293)
Time: 35.9, Position: (5.183513827016435, 4.031182042886865, 0.0), Orientation: (0.0, 0.0, 0.265485519344316, 0.9641148474214464)
Time: 36.0, Position: (5.217330995634192, 4.051334409274882, 0.0), Orientation: (0.0, 0.0, 0.2569296183023588, 0.966430117100561)
Time: 36.1, Position: (5.251351073107052, 4.0707988994824005, 0.0), Orientation: (0.0, 0.0, 0.24727021378456815, 0.9689465627035032)
Time: 36.2, Position: (5.2857529290708865, 4.089580389214089, 0.0), Orientation: (0.0, 0.0, 0.23758617210485086, 0.9713664657710622)
Time: 36.3, Position: (5.320538848864827, 4.107679716039252, 0.0), Orientation: (0.0, 0.0, 0.22798680298077637, 0.9736642222381413)
Time: 36.4, Position: (5.355675269133471, 4.125088846348943, 0.0), Orientation: (0.0, 0.0, 0.21836522165595673, 0.9758671169637518)
Time: 36.5, Position: (5.391124672614156, 4.141789771557489, 0.0), Orientation: (0.0, 0.0, 0.20856384116802212, 0.9780087546424316)
Time: 36.6, Position: (5.426902027385898, 4.157776078056953, 0.0), Orientation: (0.0, 0.0, 0.1987414679637493, 0.9800519521492798)
Time: 36.7, Position: (5.463018410650889, 4.173052107442184, 0.0), Orientation: (0.0, 0.0, 0.18906637666830736, 0.9819643095416033)
Time: 36.8, Position: (5.499429062944256, 4.187612829041533, 0.0), Orientation: (0.0, 0.0, 0.1793728959258237, 0.9837811566640132)
Time: 36.9, Position: (5.536225374512717, 4.201492393647554, 0.0), Orientation: (0.0, 0.0, 0.17038018958098772, 0.9853783999044969)
Time: 37.0, Position: (5.573269070583635, 4.214697522957842, 0.0), Orientation: (0.0, 0.0, 0.16137327012868116, 0.9868934429248052)
Time: 37.1, Position: (5.61109563399265, 4.227407895505888, 0.0), Orientation: (0.0, 0.0, 0.15797202478553599, 0.9874435879508044)
Time: 37.2, Position: (5.6490088845863875, 4.23985730910906, 0.0), Orientation: (0.0, 0.0, 0.15456890413603766, 0.9879820109061624)
Time: 37.3, Position: (5.6870685464645145, 4.25206490649846, 0.0), Orientation: (0.0, 0.0, 0.1564964017196391, 0.9876785287981132)
Time: 37.4, Position: (5.725080278671354, 4.264420937857056, 0.0), Orientation: (0.0, 0.0, 0.1584233034669278, 0.987371286253872)
Time: 37.5, Position: (5.762948344995487, 4.276893872217255, 0.0), Orientation: (0.0, 0.0, 0.16240900194562993, 0.9867235256580358)
Time: 37.6, Position: (5.800714446205094, 4.289672218671648, 0.0), Orientation: (0.0, 0.0, 0.16639205228284074, 0.9860596761540877)
Time: 37.7, Position: (5.83844890017042, 4.302780426497613, 0.0), Orientation: (0.0, 0.0, 0.168943210941293, 0.985625786734928)
Time: 37.8, Position: (5.876115006383767, 4.316083755825068, 0.0), Orientation: (0.0, 0.0, 0.17149323824272353, 0.9851852969046099)
Time: 37.9, Position: (5.91371760613909, 4.329583950673575, 0.0), Orientation: (0.0, 0.0, 0.17388992372300016, 0.984765096064848)
Time: 38.0, Position: (5.951254062371886, 4.343266977487483, 0.0), Orientation: (0.0, 0.0, 0.17628557965841574, 0.9843390647558881)
Time: 38.1, Position: (5.98845525178808, 4.357033252284905, 0.0), Orientation: (0.0, 0.0, 0.18262317992918772, 0.9831829810124622)
Time: 38.2, Position: (6.025475988320387, 4.371277685667221, 0.0), Orientation: (0.0, 0.0, 0.1889532010262889, 0.9819860934972139)
Time: 38.3, Position: (6.0618267245357496, 4.385804728489219, 0.0), Orientation: (0.0, 0.0, 0.199034491362261, 0.9799924853018853)
Time: 38.4, Position: (6.0978712279568015, 4.4010757719925575, 0.0), Orientation: (0.0, 0.0, 0.20909476228490123, 0.9778953831494557)
Time: 38.5, Position: (6.133557654866553, 4.417067955820115, 0.0), Orientation: (0.0, 0.0, 0.21936320904284448, 0.9756432660139798)
Time: 38.6, Position: (6.168899981353519, 4.433806861628084, 0.0), Orientation: (0.0, 0.0, 0.22960741330779544, 0.973283327584575)
Time: 38.7, Position: (6.203866877101569, 4.451277242223388, 0.0), Orientation: (0.0, 0.0, 0.23992482431499393, 0.9707914702331388)
Time: 38.8, Position: (6.238455057137224, 4.469485915931839, 0.0), Orientation: (0.0, 0.0, 0.2502152057938507, 0.9681902451427307)
Time: 38.9, Position: (6.272650652374046, 4.488425628567862, 0.0), Orientation: (0.0, 0.0, 0.2604664877149645, 0.9654828889097052)
Time: 39.0, Position: (6.306436961081439, 4.50808616752956, 0.0), Orientation: (0.0, 0.0, 0.27068848836891396, 0.9626669944817638)
Time: 39.1, Position: (6.339773021395634, 4.5284429560126345, 0.0), Orientation: (0.0, 0.0, 0.28104557869423985, 0.9596944215199023)
Time: 39.2, Position: (6.372662674747372, 4.549513372643987, 0.0), Orientation: (0.0, 0.0, 0.2913700380793124, 0.9566104227477663)
Time: 39.3, Position: (6.4050379592164255, 4.571252254188092, 0.0), Orientation: (0.0, 0.0, 0.3019975584916478, 0.9533086985153779)
Time: 39.4, Position: (6.436921416001323, 4.5937062782970655, 0.0), Orientation: (0.0, 0.0, 0.3125876778433008, 0.9498889112209558)
Time: 39.5, Position: (6.468276741043923, 4.616849183824307, 0.0), Orientation: (0.0, 0.0, 0.32289222621604474, 0.946435740158436)
Time: 39.6, Position: (6.499121673927269, 4.640668096481935, 0.0), Orientation: (0.0, 0.0, 0.33315863839900656, 0.9428707873617255)
Time: 39.7, Position: (6.52918843578473, 4.664947296560338, 0.0), Orientation: (0.0, 0.0, 0.34331450036329936, 0.9392205033112822)
Time: 39.8, Position: (6.558724192824883, 4.689869751919017, 0.0), Orientation: (0.0, 0.0, 0.3534303778246405, 0.9354608319062492)
Time: 39.9, Position: (6.587577497256457, 4.71530248690161, 0.0), Orientation: (0.0, 0.0, 0.36339046786920853, 0.9316369292067579)
Time: 40.0, Position: (6.61588159290513, 4.741345055032013, 0.0), Orientation: (0.0, 0.0, 0.37330919476645213, 0.9277069823510132)
Time: 40.1, Position: (6.643433285234485, 4.767802847326229, 0.0), Orientation: (0.0, 0.0, 0.3835445056915407, 0.9235223939644516)
Time: 40.2, Position: (6.6703931610638865, 4.794863438941317, 0.0), Orientation: (0.0, 0.0, 0.393732919721034, 0.9192248843063104)
Time: 40.3, Position: (6.697001328887136, 4.822779337934051, 0.0), Orientation: (0.0, 0.0, 0.4050937619130745, 0.9142751468016143)
Time: 40.4, Position: (6.722909507722316, 4.851346071750277, 0.0), Orientation: (0.0, 0.0, 0.41639239440837145, 0.9091850053090753)
Time: 40.5, Position: (6.747854549244308, 4.880259527472176, 0.0), Orientation: (0.0, 0.0, 0.42745104348737833, 0.904038497754134)
Time: 40.6, Position: (6.772086887247571, 4.909772860276379, 0.0), Orientation: (0.0, 0.0, 0.4384460962892264, 0.8987574871169299)
Time: 40.7, Position: (6.7949322273514206, 4.939023616521722, 0.0), Orientation: (0.0, 0.0, 0.4494171616528387, 0.8933220107060534)
Time: 40.8, Position: (6.817054509254052, 4.968824974692207, 0.0), Orientation: (0.0, 0.0, 0.46032085548341584, 0.8877526175726075)
Time: 40.9, Position: (6.838527748491289, 4.99928286495119, 0.0), Orientation: (0.0, 0.0, 0.47191951348506067, 0.8816416351284821)
Time: 41.0, Position: (6.859195084579559, 5.030293255167734, 0.0), Orientation: (0.0, 0.0, 0.48343706127649483, 0.8753791223146383)
Time: 41.1, Position: (6.878600864765508, 5.061133274840313, 0.0), Orientation: (0.0, 0.0, 0.4946926567741846, 0.8690679923537047)
Time: 41.2, Position: (6.897204332648699, 5.092463804691393, 0.0), Orientation: (0.0, 0.0, 0.5058658766485581, 0.8626121462410472)
Time: 41.3, Position: (6.914721812381999, 5.123779013045899, 0.0), Orientation: (0.0, 0.0, 0.5176392230071638, 0.8555989918206658)
Time: 41.4, Position: (6.93137453472307, 5.155562518345408, 0.0), Orientation: (0.0, 0.0, 0.5293153587802016, 0.8484251593154145)
Time: 41.5, Position: (6.947006812400856, 5.187497944633716, 0.0), Orientation: (0.0, 0.0, 0.5412060180998991, 0.8408900320329952)
Time: 41.6, Position: (6.9617338871226355, 5.219860775593792, 0.0), Orientation: (0.0, 0.0, 0.5529894288299092, 0.833188269001893)
Time: 41.7, Position: (6.975396959408284, 5.2522763033717235, 0.0), Orientation: (0.0, 0.0, 0.5648204309247331, 0.8252138394440551)
Time: 41.8, Position: (6.9881296040859056, 5.285068463180406, 0.0), Orientation: (0.0, 0.0, 0.5765364558357835, 0.8170714259428692)
Time: 41.9, Position: (7.000334962275732, 5.319372758525637, 0.0), Orientation: (0.0, 0.0, 0.5877132001987286, 0.8090693383834102)
Time: 42.0, Position: (7.011592724633359, 5.353999601211248, 0.0), Orientation: (0.0, 0.0, 0.5987788943776821, 0.8009143747291847)
Time: 42.1, Position: (7.021153032185875, 5.3864095993963135, 0.0), Orientation: (0.0, 0.0, 0.6101040932214767, 0.7923212703407625)
Time: 42.2, Position: (7.029788095187419, 5.419078287001022, 0.0), Orientation: (0.0, 0.0, 0.6213059890690199, 0.7835680365781691)
Time: 42.3, Position: (7.037390861527937, 5.451551821136271, 0.0), Orientation: (0.0, 0.0, 0.6323688963147835, 0.7746673989355836)
Time: 42.4, Position: (7.044068500559571, 5.484228136905111, 0.0), Orientation: (0.0, 0.0, 0.6433043121307783, 0.7656105811663957)
Time: 42.5, Position: (7.049726526470073, 5.516571549353334, 0.0), Orientation: (0.0, 0.0, 0.654094060229077, 0.7564132206492962)
Time: 42.6, Position: (7.054465275995587, 5.549062376350107, 0.0), Orientation: (0.0, 0.0, 0.6647523288119719, 0.7470638134316641)
Time: 42.7, Position: (7.058361667161941, 5.582364469822953, 0.0), Orientation: (0.0, 0.0, 0.6752977671602892, 0.7375452024576716)
Time: 42.8, Position: (7.061310426500474, 5.61576381281288, 0.0), Orientation: (0.0, 0.0, 0.685706923514387, 0.7278777473205473)
Time: 42.9, Position: (7.063330093234819, 5.649583748146122, 0.0), Orientation: (0.0, 0.0, 0.6959875485272442, 0.718053850553729)
Time: 43.0, Position: (7.0643872453499466, 5.683447438273866, 0.0), Orientation: (0.0, 0.0, 0.706127444719747, 0.7080847631559097)
Time: 43.1, Position: (7.064478823458472, 5.716531127819248, 0.0), Orientation: (0.0, 0.0, 0.7161024818267144, 0.6979951543682952)
Time: 43.2, Position: (7.063631694842391, 5.7496040967454425, 0.0), Orientation: (0.0, 0.0, 0.725933366379256, 0.6877650380597147)
Time: 43.3, Position: (7.061918680960179, 5.781304721735385, 0.0), Orientation: (0.0, 0.0, 0.7355792675614097, 0.6774386622667916)
Time: 43.4, Position: (7.059310557192593, 5.812944281336089, 0.0), Orientation: (0.0, 0.0, 0.7450782901536205, 0.6669770172515371)
Time: 43.5, Position: (7.056248934451822, 5.840536373344444, 0.0), Orientation: (0.0, 0.0, 0.7542911115469306, 0.6565401122865959)
Time: 43.6, Position: (7.05242035094785, 5.868032537141553, 0.0), Orientation: (0.0, 0.0, 0.7633577475036413, 0.6459759665236525)
Time: 43.7, Position: (7.047972024357141, 5.894551504154566, 0.0), Orientation: (0.0, 0.0, 0.7722414113155159, 0.6353292080877598)
Time: 43.8, Position: (7.042790059281155, 5.920936925486168, 0.0), Orientation: (0.0, 0.0, 0.7809765939947353, 0.6245602930321318)
Time: 43.9, Position: (7.037923593966368, 5.942530858875282, 0.0), Orientation: (0.0, 0.0, 0.7893269497589237, 0.6139730990721609)
Time: 44.0, Position: (7.0324766209863565, 5.96398571681535, 0.0), Orientation: (0.0, 0.0, 0.7975337923724723, 0.6032742742931958)
Time: 44.1, Position: (7.02727827836272, 5.982367932381912, 0.0), Orientation: (0.0, 0.0, 0.8053925563479092, 0.5927417904782655)
Time: 44.2, Position: (7.021598651357136, 6.000607188184869, 0.0), Orientation: (0.0, 0.0, 0.8131122343553016, 0.5821069440761976)
Time: 44.3, Position: (7.0160473133399135, 6.016912029643191, 0.0), Orientation: (0.0, 0.0, 0.820538682002718, 0.5715910000491982)
Time: 44.4, Position: (7.010078045185934, 6.033068546794741, 0.0), Orientation: (0.0, 0.0, 0.827829135863666, 0.5609803221283397)
Time: 44.5, Position: (6.998491655475709, 6.062105999852625, 0.0), Orientation: (0.0, 0.0, 0.8356611849847326, 0.5492452857420923)
Time: 44.6, Position: (6.986090625510801, 6.090804999180398, 0.0), Orientation: (0.0, 0.0, 0.8433268940150855, 0.5374009209434504)
Time: 44.7, Position: (6.972764973311567, 6.119399887346855, 0.0), Orientation: (0.0, 0.0, 0.8508316207720132, 0.525438438919793)
Time: 44.8, Position: (6.95863712052987, 6.147607056853309, 0.0), Orientation: (0.0, 0.0, 0.8581666730706632, 0.5133711729643856)
Time: 44.9, Position: (6.9438238122358475, 6.1752074834668, 0.0), Orientation: (0.0, 0.0, 0.8653254384150519, 0.5012104205139776)
Time: 45.0, Position: (6.92823753846229, 6.202378897153175, 0.0), Orientation: (0.0, 0.0, 0.8723118899287711, 0.48894986111961997)
Time: 45.1, Position: (6.912089689650491, 6.228774406866318, 0.0), Orientation: (0.0, 0.0, 0.8791160752792061, 0.47660772778636873)
Time: 45.2, Position: (6.895204340287725, 6.254704330336367, 0.0), Orientation: (0.0, 0.0, 0.8857456460290809, 0.4641709281509627)
Time: 45.3, Position: (6.8772894627084895, 6.280589398640138, 0.0), Orientation: (0.0, 0.0, 0.8922106398504946, 0.45161950150272645)
Time: 45.4, Position: (6.858650896838486, 6.305958345446803, 0.0), Orientation: (0.0, 0.0, 0.8984977853493612, 0.4389780515268313)
Time: 45.5, Position: (6.838014786983921, 6.332445025951617, 0.0), Orientation: (0.0, 0.0, 0.904643882485922, 0.4261683304526479)
Time: 45.6, Position: (6.816634464587626, 6.358334697411954, 0.0), Orientation: (0.0, 0.0, 0.9106073650746684, 0.413272581563028)
Time: 45.7, Position: (6.793839252715042, 6.384392869148272, 0.0), Orientation: (0.0, 0.0, 0.9164029353696759, 0.4002569925008702)
Time: 45.8, Position: (6.770310856192551, 6.409790990252713, 0.0), Orientation: (0.0, 0.0, 0.9220124811897327, 0.3871601535932552)
Time: 45.9, Position: (6.745647237771162, 6.43493783108734, 0.0), Orientation: (0.0, 0.0, 0.9274429396648954, 0.37396469574779007)
Time: 46.0, Position: (6.720276103221855, 6.459370661649494, 0.0), Orientation: (0.0, 0.0, 0.932684561495168, 0.3606930949554845)
Time: 46.1, Position: (6.693616443377012, 6.483616785106331, 0.0), Orientation: (0.0, 0.0, 0.937745941386413, 0.3473219679394183)
Time: 46.2, Position: (6.666274475934283, 6.507090787366013, 0.0), Orientation: (0.0, 0.0, 0.9426156416897781, 0.3338798467140058)
Time: 46.3, Position: (6.637673362493804, 6.530258846852869, 0.0), Orientation: (0.0, 0.0, 0.9473006746573966, 0.3203458003371376)
Time: 46.4, Position: (6.608420440526095, 6.552598256575884, 0.0), Orientation: (0.0, 0.0, 0.9517913973625047, 0.3067460446472467)
Time: 46.5, Position: (6.577929463259487, 6.574529623210465, 0.0), Orientation: (0.0, 0.0, 0.9560936757683682, 0.2930612276568335)
Time: 46.6, Position: (6.546821897139205, 6.595577280258354, 0.0), Orientation: (0.0, 0.0, 0.9601992055696159, 0.2793161034088053)
Time: 46.7, Position: (6.5147993276080545, 6.615929840031392, 0.0), Orientation: (0.0, 0.0, 0.9639954904274317, 0.26591858610404684)
Time: 46.8, Position: (6.48222242661587, 6.635382787634208, 0.0), Orientation: (0.0, 0.0, 0.9676048514999759, 0.2524695057897283)
Time: 46.9, Position: (6.448840319775696, 6.6540756652405735, 0.0), Orientation: (0.0, 0.0, 0.9709794601633247, 0.23916288997446591)
Time: 47.0, Position: (6.414957628541436, 6.671845076176762, 0.0), Orientation: (0.0, 0.0, 0.9741710838556369, 0.2258112029540025)
Time: 47.1, Position: (6.380584934029559, 6.6886849549219445, 0.0), Orientation: (0.0, 0.0, 0.9771203835277439, 0.2126869908917673)
Time: 47.2, Position: (6.345771685375055, 6.704594114619394, 0.0), Orientation: (0.0, 0.0, 0.979892879802595, 0.19952429454123377)
Time: 47.3, Position: (6.310245716614662, 6.719687375739255, 0.0), Orientation: (0.0, 0.0, 0.98242548319197, 0.18665521684384864)
Time: 47.4, Position: (6.274336088888839, 6.73384363316096, 0.0), Orientation: (0.0, 0.0, 0.9847890826362692, 0.17375402936454587)
Time: 47.5, Position: (6.238038966002315, 6.747063542688364, 0.0), Orientation: (0.0, 0.0, 0.9869606661584265, 0.16096162106575293)
Time: 47.6, Position: (6.201411033058349, 6.7593371593519445, 0.0), Orientation: (0.0, 0.0, 0.9889660835171171, 0.14814211302939703)
Time: 47.7, Position: (6.164392701265876, 6.770682039123594, 0.0), Orientation: (0.0, 0.0, 0.9907484788998681, 0.13571091171161484)
Time: 47.8, Position: (6.127101128017176, 6.781093655250195, 0.0), Orientation: (0.0, 0.0, 0.992374621656231, 0.12325830719530544)
Time: 47.9, Position: (6.089456617247378, 6.790591482686502, 0.0), Orientation: (0.0, 0.0, 0.9937860142748111, 0.11130749225359927)
Time: 48.0, Position: (6.0515944384516915, 6.799180623152859, 0.0), Orientation: (0.0, 0.0, 0.9950534927586681, 0.0993405584279425)
Time: 48.1, Position: (6.013690297417994, 6.806825088409223, 0.0), Orientation: (0.0, 0.0, 0.9961678281722932, 0.08746232397150437)
Time: 48.2, Position: (5.975614559439111, 6.813563035716951, 0.0), Orientation: (0.0, 0.0, 0.997140374837803, 0.07557164063539715)
Time: 48.3, Position: (5.937554029725045, 6.819365454881477, 0.0), Orientation: (0.0, 0.0, 0.9979605838466469, 0.06383316605385925)
Time: 48.4, Position: (5.8993674962932605, 6.824270621009077, 0.0), Orientation: (0.0, 0.0, 0.998642610713967, 0.052085852843092556)
Time: 48.5, Position: (5.861350053044248, 6.828247163403039, 0.0), Orientation: (0.0, 0.0, 0.999171104739365, 0.0407075355912997)
Time: 48.6, Position: (5.82325189171641, 6.831356662404635, 0.0), Orientation: (0.0, 0.0, 0.9995699609007007, 0.029323936723635178)
Time: 48.7, Position: (5.784496497290673, 6.833632520417168, 0.0), Orientation: (0.0, 0.0, 0.999825639900588, 0.01867323746380875)
Time: 48.8, Position: (5.745701410819055, 6.835082138452107, 0.0), Orientation: (0.0, 0.0, 0.9999678359243547, 0.008020418739871148)
Time: 48.9, Position: (5.706946922770579, 6.835703852887757, 0.0), Orientation: (0.0, 0.0, 0.9999906034392241, -0.004335093223501366)
Time: 49.0, Position: (5.668188904967796, 6.835367804173955, 0.0), Orientation: (0.0, 0.0, 0.9998607131943281, -0.016689943395035316)
Time: 49.1, Position: (5.6291538994382515, 6.834064275390155, 0.0), Orientation: (0.0, 0.0, 0.9996223139784738, -0.027481437304510012)
Time: 49.2, Position: (5.590156128689544, 6.831918414114823, 0.0), Orientation: (0.0, 0.0, 0.9992674455930325, -0.03826972926447121)
Time: 49.3, Position: (5.5511660861462495, 6.828927562880607, 0.0), Orientation: (0.0, 0.0, 0.9988095528531558, -0.048779884473819486)
Time: 49.4, Position: (5.512247597560776, 6.825117070149286, 0.0), Orientation: (0.0, 0.0, 0.9982411188353839, -0.059284641065633595)
Time: 49.5, Position: (5.4733872634851854, 6.820484971948327, 0.0), Orientation: (0.0, 0.0, 0.9975748047244145, -0.06960250698822754)
Time: 49.6, Position: (5.434631017155112, 6.8150503359336, 0.0), Orientation: (0.0, 0.0, 0.9968018475407838, -0.07991293224053289)
Time: 49.7, Position: (5.395978941153146, 6.808812824936119, 0.0), Orientation: (0.0, 0.0, 0.9959312816556908, -0.09011593765618355)
Time: 49.8, Position: (5.357462707821162, 6.801785073331116, 0.0), Orientation: (0.0, 0.0, 0.9949562832086944, -0.10030949358630131)
Time: 49.9, Position: (5.319101259286034, 6.793970596555508, 0.0), Orientation: (0.0, 0.0, 0.9938750781792184, -0.11050940672292335)
Time: 50.0, Position: (5.280908178879539, 6.785370864579871, 0.0), Orientation: (0.0, 0.0, 0.9926893103035049, -0.1206976934707198)
Time: 50.1, Position: (5.242874234704888, 6.775983250685241, 0.0), Orientation: (0.0, 0.0, 0.9914195980795087, -0.1307179427005547)
Time: 50.2, Position: (5.205037675332449, 6.7658292869778505, 0.0), Orientation: (0.0, 0.0, 0.9900487436434527, -0.14072485640433555)
Time: 50.3, Position: (5.167471887477012, 6.75492992969431, 0.0), Orientation: (0.0, 0.0, 0.9885227159293221, -0.15107230087516643)
Time: 50.4, Position: (5.130142303845163, 6.743247182060862, 0.0), Orientation: (0.0, 0.0, 0.9868885454436728, -0.16140321828288282)
Time: 50.5, Position: (5.092984213861547, 6.730758918146366, 0.0), Orientation: (0.0, 0.0, 0.9852343226392513, -0.17121135912542657)
Time: 50.6, Position: (5.056081893959736, 6.717533973054115, 0.0), Orientation: (0.0, 0.0, 0.9834826246131907, -0.18100256098726858)
Time: 50.7, Position: (5.01914858248855, 6.703462763337102, 0.0), Orientation: (0.0, 0.0, 0.9820600320949553, -0.18856853757097267)
Time: 50.8, Position: (4.982436296841341, 6.688824576233313, 0.0), Orientation: (0.0, 0.0, 0.9805792350674939, -0.19612333811774815)
Time: 50.9, Position: (4.945650145545797, 6.673496378929023, 0.0), Orientation: (0.0, 0.0, 0.9797271389247229, -0.20033654997123382)
Time: 51.0, Position: (4.908997129073046, 6.657852500152132, 0.0), Orientation: (0.0, 0.0, 0.9788569401461469, -0.20454606016181923)
Time: 51.1, Position: (4.872346585953539, 6.6418358117770415, 0.0), Orientation: (0.0, 0.0, 0.9789720922156173, -0.20399422213135573)
Time: 51.2, Position: (4.835678008135194, 6.625860455185104, 0.0), Orientation: (0.0, 0.0, 0.9790869331822348, -0.20344231927454537)
Time: 51.3, Position: (4.79912580616816, 6.609984808710486, 0.0), Orientation: (0.0, 0.0, 0.9782005662967189, -0.20766235117800802)
Time: 51.4, Position: (4.762711877082047, 6.593794521865049, 0.0), Orientation: (0.0, 0.0, 0.9772960104412296, -0.21187852174219082)
Time: 51.5, Position: (4.726364285950296, 6.577256837102501, 0.0), Orientation: (0.0, 0.0, 0.9766788901002484, -0.21470525292257459)
Time: 51.6, Position: (4.69011300018572, 6.560509100574794, 0.0), Orientation: (0.0, 0.0, 0.9760535937393499, -0.2175301867523224)
Time: 51.7, Position: (4.653911292799524, 6.543529387341905, 0.0), Orientation: (0.0, 0.0, 0.9763412346369643, -0.2162355048264927)
Time: 51.8, Position: (4.617664674132834, 6.526645758751506, 0.0), Orientation: (0.0, 0.0, 0.9766271582103189, -0.21494044255569225)
Time: 51.9, Position: (4.582004444503632, 6.510150239173134, 0.0), Orientation: (0.0, 0.0, 0.9777103651684097, -0.20995819070056576)
Time: 52.0, Position: (4.546177862089649, 6.494019208954887, 0.0), Orientation: (0.0, 0.0, 0.978768155400794, -0.20497048073643984)
Time: 52.1, Position: (4.5102153537183325, 6.478266041874193, 0.0), Orientation: (0.0, 0.0, 0.9806836173517598, -0.1956007225392257)
Time: 52.2, Position: (4.473958128585115, 6.463203575042082, 0.0), Orientation: (0.0, 0.0, 0.9825093846422541, -0.18621307443329305)
Time: 52.3, Position: (4.4375093868731, 6.448872679830637, 0.0), Orientation: (0.0, 0.0, 0.9843512485686886, -0.17621753443191657)
Time: 52.4, Position: (4.40077688098118, 6.435285614626898, 0.0), Orientation: (0.0, 0.0, 0.9860914257798727, -0.16620379058077409)
Time: 52.5, Position: (4.364043854815445, 6.422540999786105, 0.0), Orientation: (0.0, 0.0, 0.9877272932320064, -0.15618832928415047)
Time: 52.6, Position: (4.32705974179121, 6.410544508526432, 0.0), Orientation: (0.0, 0.0, 0.9892614390680128, -0.1461567828500766)
Time: 52.7, Position: (4.289406579061202, 6.3991702219783075, 0.0), Orientation: (0.0, 0.0, 0.9902190823525479, -0.1395212132432844)
Time: 52.8, Position: (4.251604291793811, 6.388301821203358, 0.0), Orientation: (0.0, 0.0, 0.9911322174037787, -0.13287937245588116)
Time: 52.9, Position: (4.213125939135673, 6.377795526295761, 0.0), Orientation: (0.0, 0.0, 0.9914731324366894, -0.13031127217619737)
Time: 53.0, Position: (4.174593667350624, 6.367488737899145, 0.0), Orientation: (0.0, 0.0, 0.9918073933343898, -0.12774229733037945)
Time: 53.1, Position: (4.135905790985247, 6.357354826236468, 0.0), Orientation: (0.0, 0.0, 0.9916883240991109, -0.12866338968602023)
Time: 53.2, Position: (4.097236805225522, 6.34714906886311, 0.0), Orientation: (0.0, 0.0, 0.9915683994447787, -0.12958437105808654)
Time: 53.3, Position: (4.058634864457484, 6.336884270441678, 0.0), Orientation: (0.0, 0.0, 0.9919094250712658, -0.12694759727852656)
Time: 53.4, Position: (4.019978886906312, 6.326824880934603, 0.0), Orientation: (0.0, 0.0, 0.9922434390145688, -0.12430992612234067)
Time: 53.5, Position: (3.9814331439100514, 6.317012723252016, 0.0), Orientation: (0.0, 0.0, 0.9928878098277796, -0.11905375716622746)
Time: 53.6, Position: (3.9427856436170385, 6.307609348186471, 0.0), Orientation: (0.0, 0.0, 0.993504337558927, -0.11379424964205255)
Time: 53.7, Position: (3.904732190801812, 6.298776315639957, 0.0), Orientation: (0.0, 0.0, 0.9946698390549849, -0.10311115979529317)
Time: 53.8, Position: (3.866497692788383, 6.290763145431512, 0.0), Orientation: (0.0, 0.0, 0.9957204693118755, -0.09241616197039614)
Time: 53.9, Position: (3.828590851990802, 6.283665481392412, 0.0), Orientation: (0.0, 0.0, 0.9968591047163101, -0.07919548815555451)
Time: 54.0, Position: (3.79050901426209, 6.2775762245191045, 0.0), Orientation: (0.0, 0.0, 0.9978222104713852, -0.06596086938479984)
Time: 54.1, Position: (3.752529350482144, 6.2725329074143445, 0.0), Orientation: (0.0, 0.0, 0.9986668792194646, -0.05161844970604251)
Time: 54.2, Position: (3.7144204665925393, 6.268582859700011, 0.0), Orientation: (0.0, 0.0, 0.999305404680757, -0.03726537502600034)
Time: 54.3, Position: (3.676213826479158, 6.2657293426589815, 0.0), Orientation: (0.0, 0.0, 0.9997376550518152, -0.022904608084353142)
Time: 54.4, Position: (3.637940974738477, 6.2639747122441305, 0.0), Orientation: (0.0, 0.0, 0.99996354110818, -0.00853911320860568)
Time: 54.5, Position: (3.599633510633362, 6.263320417133181, 0.0), Orientation: (0.0, 0.0, 0.9999830162227976, 0.00582814429780454)
Time: 54.6, Position: (3.5613230620037295, 6.263766997532629, 0.0), Orientation: (0.0, 0.0, 0.999796076375645, 0.02019419876760011)
Time: 54.7, Position: (3.5230412591536124, 6.265314084731739, 0.0), Orientation: (0.0, 0.0, 0.999402760154559, 0.034556084781832974)
Time: 54.8, Position: (3.4848197087361927, 6.267960401406953, 0.0), Orientation: (0.0, 0.0, 0.9988031487472708, 0.04891083778200112)
Time: 54.9, Position: (3.44668996765836, 6.2717037626764975, 0.0), Orientation: (0.0, 0.0, 0.9979973659246486, 0.06325549468198843)
Time: 55.0, Position: (3.408683517026344, 6.276541077904284, 0.0), Orientation: (0.0, 0.0, 0.9969855780151476, 0.0775870944797003)
Time: 55.1, Position: (3.3706780261229103, 6.282492422969271, 0.0), Orientation: (0.0, 0.0, 0.995828886039942, 0.09124050486734613)
Time: 55.2, Position: (3.332849881202765, 6.289482937885498, 0.0), Orientation: (0.0, 0.0, 0.9944852236546572, 0.10487678452615895)
Time: 55.3, Position: (3.295000899619094, 6.297555702203269, 0.0), Orientation: (0.0, 0.0, 0.9930799371302802, 0.11744036132999054)
Time: 55.4, Position: (3.2573681056614836, 6.306582758733247, 0.0), Orientation: (0.0, 0.0, 0.9915159382662124, 0.1299851690158248)
Time: 55.5, Position: (3.2198569610926935, 6.316589975681848, 0.0), Orientation: (0.0, 0.0, 0.9898791428853211, 0.14191293979275535)
Time: 55.6, Position: (3.1825976336617283, 6.3274974445591425, 0.0), Orientation: (0.0, 0.0, 0.9880988637160892, 0.1538201401734286)
Time: 55.7, Position: (3.1454759212248296, 6.339342173644327, 0.0), Orientation: (0.0, 0.0, 0.9862981133699548, 0.16497282067924987)
Time: 55.8, Position: (3.108631285173455, 6.3520225496478595, 0.0), Orientation: (0.0, 0.0, 0.9843714867426119, 0.17610444653142643)
Time: 55.9, Position: (3.0720014068422357, 6.3655620865879525, 0.0), Orientation: (0.0, 0.0, 0.9824083637873838, 0.18674529916599023)
Time: 56.0, Position: (3.035673091275531, 6.3798910968537745, 0.0), Orientation: (0.0, 0.0, 0.9803302188924814, 0.19736428736278372)
Time: 56.1, Position: (2.9995844867261274, 6.395035966209831, 0.0), Orientation: (0.0, 0.0, 0.978239933101511, 0.2074768259000299)
Time: 56.2, Position: (2.9638163388873964, 6.410922880520734, 0.0), Orientation: (0.0, 0.0, 0.9760453349155314, 0.21756724061684493)
Time: 56.3, Position: (2.9287287596520994, 6.427383283663938, 0.0), Orientation: (0.0, 0.0, 0.9732796236713966, 0.22962311326620552)
Time: 56.4, Position: (2.8940590762613545, 6.444706566892459, 0.0), Orientation: (0.0, 0.0, 0.9703650072397598, 0.2416438551351574)
Time: 56.5, Position: (2.8595292977016156, 6.463041000592398, 0.0), Orientation: (0.0, 0.0, 0.9677559468493611, 0.2518897126476122)
Time: 56.6, Position: (2.8253949054502545, 6.482101439519985, 0.0), Orientation: (0.0, 0.0, 0.96503870606146, 0.26210741272085947)
Time: 56.7, Position: (2.7916111285830603, 6.501914568911572, 0.0), Orientation: (0.0, 0.0, 0.962325264926235, 0.271900872533818)
Time: 56.8, Position: (2.7582370019246576, 6.522410211021276, 0.0), Orientation: (0.0, 0.0, 0.959512440016977, 0.28166625188805827)
Time: 56.9, Position: (2.725310872211523, 6.543564120204098, 0.0), Orientation: (0.0, 0.0, 0.9565497366347003, 0.2915692050681716)
Time: 57.0, Position: (2.692829069782737, 6.565394154619522, 0.0), Orientation: (0.0, 0.0, 0.9534848296502859, 0.30144100521787864)
Time: 57.1, Position: (2.6608810969938848, 6.587837860687747, 0.0), Orientation: (0.0, 0.0, 0.9501521991730123, 0.31178646283424244)
Time: 57.2, Position: (2.629428517085684, 6.610970697187243, 0.0), Orientation: (0.0, 0.0, 0.946707322542471, 0.3220950875820146)
Time: 57.3, Position: (2.5985587210782097, 6.634725920144912, 0.0), Orientation: (0.0, 0.0, 0.9429838074998937, 0.3328386077260319)
Time: 57.4, Position: (2.5682370798570715, 6.659176952780942, 0.0), Orientation: (0.0, 0.0, 0.9391383761654452, 0.3435390959022436)
Time: 57.5, Position: (2.539653601926571, 6.683319283289755, 0.0), Orientation: (0.0, 0.0, 0.9346326213983818, 0.3556147677164)
Time: 57.6, Position: (2.5117018918130656, 6.708190335433377, 0.0), Orientation: (0.0, 0.0, 0.929971602024744, 0.36763136349818026)
Time: 57.7, Position: (2.483664183963882, 6.73446358272561, 0.0), Orientation: (0.0, 0.0, 0.9247729426950837, 0.380519387757149)
Time: 57.8, Position: (2.4563674569454066, 6.761505869588851, 0.0), Orientation: (0.0, 0.0, 0.919395684530355, 0.3933339233615121)
Time: 57.9, Position: (2.4297671955324653, 6.789365012430866, 0.0), Orientation: (0.0, 0.0, 0.9147561224621386, 0.4040064806634083)
Time: 58.0, Position: (2.4038224997132134, 6.817835672872365, 0.0), Orientation: (0.0, 0.0, 0.9099926758727914, 0.41462432376535363)
Time: 58.1, Position: (2.3787553598197047, 6.846663298409919, 0.0), Orientation: (0.0, 0.0, 0.9053598082992423, 0.42464528434489784)
Time: 58.2, Position: (2.354330799696927, 6.876037340681678, 0.0), Orientation: (0.0, 0.0, 0.9006165926539715, 0.4346144878353117)
Time: 58.3, Position: (2.33004880205538, 6.9065875535295955, 0.0), Orientation: (0.0, 0.0, 0.8957931661742643, 0.4444711502847928)
Time: 58.4, Position: (2.306443091611088, 6.9376632892238215, 0.0), Orientation: (0.0, 0.0, 0.8908618689643959, 0.45427428985720014)
Time: 58.5, Position: (2.2834904589553737, 6.969297238018638, 0.0), Orientation: (0.0, 0.0, 0.8859775173937954, 0.4637281948218449)
Time: 58.6, Position: (2.2612162171277603, 7.0014124713695916, 0.0), Orientation: (0.0, 0.0, 0.8809928437454921, 0.473129590354726)
Time: 58.7, Position: (2.2394320959109937, 7.034293850097476, 0.0), Orientation: (0.0, 0.0, 0.8770275535672837, 0.4804400798057813)
Time: 58.8, Position: (2.218197890765614, 7.067533006766641, 0.0), Orientation: (0.0, 0.0, 0.8730016022152841, 0.4877173387624709)
Time: 58.9, Position: (2.1973121230586363, 7.101457547276429, 0.0), Orientation: (0.0, 0.0, 0.8708022921737123, 0.49163336740401253)
Time: 59.0, Position: (2.176731928253375, 7.135568327438831, 0.0), Orientation: (0.0, 0.0, 0.8685854160949732, 0.49553947869682624)
Time: 59.1, Position: (2.156376723894721, 7.170001719367218, 0.0), Orientation: (0.0, 0.0, 0.8685329396451615, 0.49563144850920665)
Time: 59.2, Position: (2.1360288121440507, 7.204439421258655, 0.0), Orientation: (0.0, 0.0, 0.8684804534571637, 0.4957234127644561)
Time: 59.3, Position: (2.1157739185207616, 7.238736277288755, 0.0), Orientation: (0.0, 0.0, 0.8707451072568562, 0.49173464204614065)
Time: 59.4, Position: (2.095205254071585, 7.2728458813910795, 0.0), Orientation: (0.0, 0.0, 0.8729914414949274, 0.48773552574792906)
Time: 59.5, Position: (2.074813932148182, 7.305970390021308, 0.0), Orientation: (0.0, 0.0, 0.8772696488508459, 0.47999787833397095)
Time: 59.6, Position: (2.0538400782922763, 7.338729152760598, 0.0), Orientation: (0.0, 0.0, 0.8814792763137049, 0.4722227074479447)
Time: 59.7, Position: (2.0321662551725503, 7.371298253651161, 0.0), Orientation: (0.0, 0.0, 0.8863522471707329, 0.46301154838231834)
Time: 59.8, Position: (2.009818398549289, 7.403408598491898, 0.0), Orientation: (0.0, 0.0, 0.8911289678882572, 0.45375011029244877)
Time: 59.9, Position: (1.9868717466104475, 7.434956146184924, 0.0), Orientation: (0.0, 0.0, 0.8960902141398556, 0.44387197267093553)
Time: 60.0, Position: (1.9632333004959144, 7.465988717234331, 0.0), Orientation: (0.0, 0.0, 0.9009419657238011, 0.43393959763742834)
Time: 60.1, Position: (1.938966995271499, 7.4964254430894535, 0.0), Orientation: (0.0, 0.0, 0.9058758128579559, 0.42354339999454316)
Time: 60.2, Position: (1.9140066702184684, 7.526295662761753, 0.0), Orientation: (0.0, 0.0, 0.9106897004991271, 0.41309111513661284)
Time: 60.3, Position: (1.8883904316457913, 7.555555129997099, 0.0), Orientation: (0.0, 0.0, 0.9154626356762677, 0.4024029854271229)
Time: 60.4, Position: (1.8620962820834763, 7.584206932737995, 0.0), Orientation: (0.0, 0.0, 0.9201101368848371, 0.39165971965695723)
Time: 60.5, Position: (1.8356974630351195, 7.611654340028063, 0.0), Orientation: (0.0, 0.0, 0.924694291232714, 0.3807104776094673)
Time: 60.6, Position: (1.8086545308347983, 7.6384673523933975, 0.0), Orientation: (0.0, 0.0, 0.9291481558105079, 0.3697075933138677)
Time: 60.7, Position: (1.7811892466060835, 7.66443559502183, 0.0), Orientation: (0.0, 0.0, 0.9336582350731035, 0.3581651854663956)
Time: 60.8, Position: (1.753088849213758, 7.6897152138751, 0.0), Orientation: (0.0, 0.0, 0.9380249343135765, 0.3465677749099164)
Time: 60.9, Position: (1.7244624007458218, 7.714212122445345, 0.0), Orientation: (0.0, 0.0, 0.9425158996471376, 0.33416130672528055)
Time: 61.0, Position: (1.6951995507828455, 7.737945173101144, 0.0), Orientation: (0.0, 0.0, 0.9468427831205882, 0.3216966646585862)
Time: 61.1, Position: (1.6652843892845237, 7.760925714862874, 0.0), Orientation: (0.0, 0.0, 0.9509321405345865, 0.30939952181331726)
Time: 61.2, Position: (1.6347837160493148, 7.783123262460127, 0.0), Orientation: (0.0, 0.0, 0.9548617959646059, 0.297050417618369)
Time: 61.3, Position: (1.6037713706076298, 7.8044861540035395, 0.0), Orientation: (0.0, 0.0, 0.9588359057543567, 0.28396074699898644)
Time: 61.4, Position: (1.5721862257757269, 7.8249926732312804, 0.0), Orientation: (0.0, 0.0, 0.9626305856800627, 0.27081793794588194)
Time: 61.5, Position: (1.5401847389571954, 7.844546317434853, 0.0), Orientation: (0.0, 0.0, 0.9664159299456162, 0.25698297676567977)
Time: 61.6, Position: (1.5076355572239377, 7.863174009957866, 0.0), Orientation: (0.0, 0.0, 0.9700024486471536, 0.2430951451973613)
Time: 61.7, Position: (1.476165833656209, 7.880004519575835, 0.0), Orientation: (0.0, 0.0, 0.9733760684018692, 0.22921393819425517)
Time: 61.8, Position: (1.4442281576888287, 7.895929167428533, 0.0), Orientation: (0.0, 0.0, 0.9765510520633764, 0.21528595568200112)
Time: 61.9, Position: (1.4117943008266858, 7.910960118401667, 0.0), Orientation: (0.0, 0.0, 0.979527161250904, 0.20131204725933696)
Time: 62.0, Position: (1.378944235524006, 7.925058266071501, 0.0), Orientation: (0.0, 0.0, 0.9823033221620977, 0.1872970455434523)
Time: 62.1, Position: (1.349725444878607, 7.936621004958194, 0.0), Orientation: (0.0, 0.0, 0.9848492725095206, 0.17341254406030737)
Time: 62.2, Position: (1.3201918995806796, 7.947354334333405, 0.0), Orientation: (0.0, 0.0, 0.987198980565153, 0.1594934881778024)
Time: 62.3, Position: (1.2968214030481517, 7.955108280697495, 0.0), Orientation: (0.0, 0.0, 0.9892918061926235, 0.1459510952344543)
Time: 62.4, Position: (1.2732472009114655, 7.96221889150197, 0.0), Orientation: (0.0, 0.0, 0.9911988662396434, 0.13238129613070546)
Time: 62.5, Position: (1.2537516273139546, 7.967520998101112, 0.0), Orientation: (0.0, 0.0, 0.9928690790013722, 0.11920986520824092)
Time: 62.6, Position: (1.234122151006054, 7.972303610793167, 0.0), Orientation: (0.0, 0.0, 0.9943642725715653, 0.10601742042335173)
Time: 62.7, Position: (1.2170555787538246, 7.975984672687321, 0.0), Orientation: (0.0, 0.0, 0.9956500738576646, 0.09317151081326963)
Time: 62.8, Position: (1.199899659406237, 7.97922389118076, 0.0), Orientation: (0.0, 0.0, 0.9967699294702481, 0.08031007224424867)
Time: 62.9, Position: (1.1814645001952384, 7.982213954763167, 0.0), Orientation: (0.0, 0.0, 0.9977354140377048, 0.06726101080871252)
Time: 63.0, Position: (1.1629574133096812, 7.984720607984525, 0.0), Orientation: (0.0, 0.0, 0.9985300761604988, 0.054200433604431296)
Time: 63.1, Position: (1.1364794027783218, 7.987603566715702, 0.0), Orientation: (0.0, 0.0, 0.9991797111153132, 0.040495739226730575)
Time: 63.2, Position: (1.109932260696635, 7.9897589645998925, 0.0), Orientation: (0.0, 0.0, 0.999641259808299, 0.026783421903801476)
Time: 63.3, Position: (1.109932260696635, 7.9897589645998925, 0.0), Orientation: (0.0, 0.0, 0.999641259808299, 0.026783421903801476)
Time: 63.4, Position: (1.109932260696635, 7.9897589645998925, 0.0), Orientation: (0.0, 0.0, 0.999641259808299, 0.026783421903801476)
Time: 63.5, Position: (1.109932260696635, 7.9897589645998925, 0.0), Orientation: (0.0, 0.0, 0.999641259808299, 0.026783421903801476)
Time: 63.6, Position: (1.109932260696635, 7.9897589645998925, 0.0), Orientation: (0.0, 0.0, 0.999641259808299, 0.026783421903801476)
Time: 63.7, Position: (1.109932260696635, 7.9897589645998925, 0.0), Orientation: (0.0, 0.0, 0.999641259808299, 0.026783421903801476)
Time: 63.8, Position: (1.109932260696635, 7.9897589645998925, 0.0), Orientation: (0.0, 0.0, 0.999641259808299, 0.026783421903801476)
Time: 63.9, Position: (1.109932260696635, 7.9897589645998925, 0.0), Orientation: (0.0, 0.0, 0.999641259808299, 0.026783421903801476)
Time: 64.0, Position: (1.109932260696635, 7.9897589645998925, 0.0), Orientation: (0.0, 0.0, 0.999641259808299, 0.026783421903801476)
Time: 64.1, Position: (1.109932260696635, 7.9897589645998925, 0.0), Orientation: (0.0, 0.0, 0.999641259808299, 0.026783421903801476)
Time: 64.2, Position: (1.109932260696635, 7.9897589645998925, 0.0), Orientation: (0.0, 0.0, 0.999641259808299, 0.026783421903801476)
Time: 64.3, Position: (1.109932260696635, 7.9897589645998925, 0.0), Orientation: (0.0, 0.0, 0.999641259808299, 0.026783421903801476)
Time: 64.4, Position: (1.109932260696635, 7.9897589645998925, 0.0), Orientation: (0.0, 0.0, 0.999641259808299, 0.026783421903801476)
Time: 64.5, Position: (1.109932260696635, 7.9897589645998925, 0.0), Orientation: (0.0, 0.0, 0.999641259808299, 0.026783421903801476)
Time: 64.6, Position: (1.109932260696635, 7.9897589645998925, 0.0), Orientation: (0.0, 0.0, 0.999641259808299, 0.026783421903801476)
Time: 64.7, Position: (1.109932260696635, 7.9897589645998925, 0.0), Orientation: (0.0, 0.0, 0.999641259808299, 0.026783421903801476)
Time: 64.8, Position: (1.109932260696635, 7.9897589645998925, 0.0), Orientation: (0.0, 0.0, 0.999641259808299, 0.026783421903801476)
Time: 64.9, Position: (1.109932260696635, 7.9897589645998925, 0.0), Orientation: (0.0, 0.0, 0.999641259808299, 0.026783421903801476)
Time: 65.0, Position: (1.109932260696635, 7.9897589645998925, 0.0), Orientation: (0.0, 0.0, 0.999641259808299, 0.026783421903801476)
Time: 65.1, Position: (1.109932260696635, 7.9897589645998925, 0.0), Orientation: (0.0, 0.0, 0.999641259808299, 0.026783421903801476)
Time: 65.2, Position: (1.109932260696635, 7.9897589645998925, 0.0), Orientation: (0.0, 0.0, 0.999641259808299, 0.026783421903801476)
Time: 65.3, Position: (1.109932260696635, 7.9897589645998925, 0.0), Orientation: (0.0, 0.0, 0.999641259808299, 0.026783421903801476)
Time: 65.4, Position: (1.109932260696635, 7.9897589645998925, 0.0), Orientation: (0.0, 0.0, 0.999641259808299, 0.026783421903801476)
Time: 65.5, Position: (1.109932260696635, 7.9897589645998925, 0.0), Orientation: (0.0, 0.0, 0.999641259808299, 0.026783421903801476)
Time: 65.6, Position: (1.109932260696635, 7.9897589645998925, 0.0), Orientation: (0.0, 0.0, 0.999641259808299, 0.026783421903801476)
Time: 65.7, Position: (1.109932260696635, 7.9897589645998925, 0.0), Orientation: (0.0, 0.0, 0.999641259808299, 0.026783421903801476)
Time: 65.8, Position: (1.109932260696635, 7.9897589645998925, 0.0), Orientation: (0.0, 0.0, 0.999641259808299, 0.026783421903801476)
Time: 65.9, Position: (1.109932260696635, 7.9897589645998925, 0.0), Orientation: (0.0, 0.0, 0.999641259808299, 0.026783421903801476)
Time: 66.0, Position: (1.109932260696635, 7.9897589645998925, 0.0), Orientation: (0.0, 0.0, 0.999641259808299, 0.026783421903801476)
Time: 66.1, Position: (1.109932260696635, 7.9897589645998925, 0.0), Orientation: (0.0, 0.0, 0.999641259808299, 0.026783421903801476)
Time: 66.2, Position: (1.109932260696635, 7.9897589645998925, 0.0), Orientation: (0.0, 0.0, 0.999641259808299, 0.026783421903801476)
Time: 66.3, Position: (1.109932260696635, 7.9897589645998925, 0.0), Orientation: (0.0, 0.0, 0.999641259808299, 0.026783421903801476)
Time: 66.4, Position: (1.109932260696635, 7.9897589645998925, 0.0), Orientation: (0.0, 0.0, 0.999641259808299, 0.026783421903801476)
Time: 66.5, Position: (1.109932260696635, 7.9897589645998925, 0.0), Orientation: (0.0, 0.0, 0.999641259808299, 0.026783421903801476)
Time: 66.6, Position: (1.109932260696635, 7.9897589645998925, 0.0), Orientation: (0.0, 0.0, 0.999641259808299, 0.026783421903801476)
Time: 66.7, Position: (1.109932260696635, 7.9897589645998925, 0.0), Orientation: (0.0, 0.0, 0.999641259808299, 0.026783421903801476)
Time: 66.8, Position: (1.109932260696635, 7.9897589645998925, 0.0), Orientation: (0.0, 0.0, 0.999641259808299, 0.026783421903801476)
Time: 66.9, Position: (1.109932260696635, 7.9897589645998925, 0.0), Orientation: (0.0, 0.0, 0.999641259808299, 0.026783421903801476)
Time: 67.0, Position: (1.109932260696635, 7.9897589645998925, 0.0), Orientation: (0.0, 0.0, 0.999641259808299, 0.026783421903801476)
Time: 67.1, Position: (1.109932260696635, 7.9897589645998925, 0.0), Orientation: (0.0, 0.0, 0.999641259808299, 0.026783421903801476)
Time: 67.2, Position: (1.109932260696635, 7.9897589645998925, 0.0), Orientation: (0.0, 0.0, 0.999641259808299, 0.026783421903801476)
Time: 67.3, Position: (1.109932260696635, 7.9897589645998925, 0.0), Orientation: (0.0, 0.0, 0.999641259808299, 0.026783421903801476)
Time: 67.4, Position: (1.109932260696635, 7.9897589645998925, 0.0), Orientation: (0.0, 0.0, 0.999641259808299, 0.026783421903801476)
