Time: 0.0, Position: (2.0, 2.0, 0.0), Orientation: (0.0, 0.0, 0.0, 1.0)
Time: 29.6, Position: (2.0, 2.0, 0.0), Orientation: (0.0, 0.0, 0.0, 1.0)
Time: 29.7, Position: (2.0, 2.0, 0.0), Orientation: (0.0, 0.0, 0.0, 1.0)
Time: 29.8, Position: (2.0, 2.0, 0.0), Orientation: (0.0, 0.0, 0.0, 1.0)
Time: 29.9, Position: (2.0, 2.0, 0.0), Orientation: (0.0, 0.0, 0.0, 1.0)
Time: 30.0, Position: (2.0, 2.0, 0.0), Orientation: (0.0, 0.0, 0.0, 1.0)
Time: 30.1, Position: (2.0, 2.0, 0.0), Orientation: (0.0, 0.0, 0.0, 1.0)
Time: 30.2, Position: (2.0, 2.0, 0.0), Orientation: (0.0, 0.0, 0.0, 1.0)
Time: 30.3, Position: (2.0, 2.0, 0.0), Orientation: (0.0, 0.0, 0.0, 1.0)
Time: 30.4, Position: (2.0, 2.0, 0.0), Orientation: (0.0, 0.0, 0.0, 1.0)
Time: 30.5, Position: (2.0, 2.0, 0.0), Orientation: (0.0, 0.0, 0.0, 1.0)
Time: 30.6, Position: (2.0, 2.0, 0.0), Orientation: (0.0, 0.0, 0.0, 1.0)
Time: 30.7, Position: (2.0, 2.0, 0.0), Orientation: (0.0, 0.0, 0.0, 1.0)
Time: 30.8, Position: (2.0, 2.0, 0.0), Orientation: (0.0, 0.0, 0.0, 1.0)
Time: 30.9, Position: (2.0, 2.0, 0.0), Orientation: (0.0, 0.0, 0.0, 1.0)
Time: 31.0, Position: (2.0, 2.0, 0.0), Orientation: (0.0, 0.0, 0.0, 1.0)
Time: 31.1, Position: (2.0, 2.0, 0.0), Orientation: (0.0, 0.0, 0.0, 1.0)
Time: 31.2, Position: (2.0, 2.0, 0.0), Orientation: (0.0, 0.0, 0.0, 1.0)
Time: 31.3, Position: (2.0, 2.0, 0.0), Orientation: (0.0, 0.0, 0.0, 1.0)
Time: 31.4, Position: (2.0, 2.0, 0.0), Orientation: (0.0, 0.0, 0.0, 1.0)
Time: 31.5, Position: (2.0, 2.0, 0.0), Orientation: (0.0, 0.0, 0.0, 1.0)
Time: 31.6, Position: (2.0, 2.0, 0.0), Orientation: (0.0, 0.0, 0.0, 1.0)
Time: 31.7, Position: (2.0, 2.0, 0.0), Orientation: (0.0, 0.0, 0.0, 1.0)
Time: 31.8, Position: (2.0, 2.0, 0.0), Orientation: (0.0, 0.0, 0.0, 1.0)
Time: 31.9, Position: (2.0, 2.0, 0.0), Orientation: (0.0, 0.0, 0.0, 1.0)
Time: 32.0, Position: (2.0, 2.0, 0.0), Orientation: (0.0, 0.0, 0.0, 1.0)
Time: 32.1, Position: (2.0, 2.0, 0.0), Orientation: (0.0, 0.0, 0.0, 1.0)
Time: 32.3, Position: (2.0, 2.0, 0.0), Orientation: (0.0, 0.0, 0.0, 1.0)
Time: 32.3, Position: (2.0, 2.0, 0.0), Orientation: (0.0, 0.0, 0.0, 1.0)
Time: 32.4, Position: (2.0, 2.0, 0.0), Orientation: (0.0, 0.0, 0.0, 1.0)
Time: 32.5, Position: (2.0, 2.0, 0.0), Orientation: (0.0, 0.0, 0.0, 1.0)
Time: 32.6, Position: (2.0, 2.0, 0.0), Orientation: (0.0, 0.0, 0.0, 1.0)
Time: 32.8, Position: (2.0, 2.0, 0.0), Orientation: (0.0, 0.0, 0.0, 1.0)
Time: 32.8, Position: (2.0, 2.0, 0.0), Orientation: (0.0, 0.0, 0.0, 1.0)
Time: 32.9, Position: (2.0, 2.0, 0.0), Orientation: (0.0, 0.0, 0.0, 1.0)
Time: 33.0, Position: (2.0, 2.0, 0.0), Orientation: (0.0, 0.0, 0.0, 1.0)
Time: 33.1, Position: (2.0, 2.0, 0.0), Orientation: (0.0, 0.0, 0.0, 1.0)
Time: 33.2, Position: (2.0, 2.0, 0.0), Orientation: (0.0, 0.0, 0.0, 1.0)
Time: 33.3, Position: (2.0, 2.0, 0.0), Orientation: (0.0, 0.0, 0.0, 1.0)
Time: 33.4, Position: (2.0, 2.0, 0.0), Orientation: (0.0, 0.0, 0.0, 1.0)
Time: 33.5, Position: (2.0, 2.0, 0.0), Orientation: (0.0, 0.0, 0.0, 1.0)
Time: 33.6, Position: (2.0, 2.0, 0.0), Orientation: (0.0, 0.0, 0.0, 1.0)
Time: 33.7, Position: (2.0, 2.0, 0.0), Orientation: (0.0, 0.0, 0.0, 1.0)
Time: 33.8, Position: (2.0, 2.0, 0.0), Orientation: (0.0, 0.0, 0.0, 1.0)
Time: 33.9, Position: (2.0, 2.0, 0.0), Orientation: (0.0, 0.0, 0.0, 1.0)
Time: 34.0, Position: (2.0, 2.0, 0.0), Orientation: (0.0, 0.0, 0.0, 1.0)
Time: 34.1, Position: (2.0, 2.0, 0.0), Orientation: (0.0, 0.0, 0.0, 1.0)
Time: 34.3, Position: (2.0, 2.0, 0.0), Orientation: (0.0, 0.0, 0.0, 1.0)
Time: 34.3, Position: (2.0, 2.0, 0.0), Orientation: (0.0, 0.0, 0.0, 1.0)
Time: 34.4, Position: (2.0, 2.0, 0.0), Orientation: (0.0, 0.0, 0.0, 1.0)
Time: 34.5, Position: (2.0, 2.0, 0.0), Orientation: (0.0, 0.0, 0.0, 1.0)
Time: 34.6, Position: (2.0, 2.0, 0.0), Orientation: (0.0, 0.0, 0.0, 1.0)
Time: 34.8, Position: (2.0, 2.0, 0.0), Orientation: (0.0, 0.0, 0.0, 1.0)
Time: 34.8, Position: (2.0, 2.0, 0.0), Orientation: (0.0, 0.0, 0.0, 1.0)
Time: 34.9, Position: (2.0, 2.0, 0.0), Orientation: (0.0, 0.0, 0.0, 1.0)
Time: 35.0, Position: (2.0, 2.0, 0.0), Orientation: (0.0, 0.0, 0.0, 1.0)
Time: 35.1, Position: (2.0, 2.0, 0.0), Orientation: (0.0, 0.0, 0.0, 1.0)
Time: 35.2, Position: (2.0, 2.0, 0.0), Orientation: (0.0, 0.0, 0.0, 1.0)
Time: 35.3, Position: (2.0, 2.0, 0.0), Orientation: (0.0, 0.0, 0.0, 1.0)
Time: 35.4, Position: (2.0, 2.0, 0.0), Orientation: (0.0, 0.0, 0.0, 1.0)
Time: 35.5, Position: (2.0, 2.0, 0.0), Orientation: (0.0, 0.0, 0.0, 1.0)
Time: 35.6, Position: (2.0, 2.0, 0.0), Orientation: (0.0, 0.0, 0.0, 1.0)
Time: 35.7, Position: (2.0, 2.0, 0.0), Orientation: (0.0, 0.0, 0.0, 1.0)
Time: 35.8, Position: (2.0, 2.0, 0.0), Orientation: (0.0, 0.0, 0.0, 1.0)
Time: 35.9, Position: (2.0, 2.0, 0.0), Orientation: (0.0, 0.0, 0.0, 1.0)
Time: 36.0, Position: (2.0, 2.0, 0.0), Orientation: (0.0, 0.0, 0.0, 1.0)
Time: 36.1, Position: (2.0, 2.0, 0.0), Orientation: (0.0, 0.0, 0.0, 1.0)
Time: 36.2, Position: (2.0, 2.0, 0.0), Orientation: (0.0, 0.0, 0.0, 1.0)
Time: 36.3, Position: (2.0, 2.0, 0.0), Orientation: (0.0, 0.0, 0.0, 1.0)
Time: 36.4, Position: (2.0, 2.0, 0.0), Orientation: (0.0, 0.0, 0.0, 1.0)
Time: 36.6, Position: (2.0, 2.0, 0.0), Orientation: (0.0, 0.0, 0.0, 1.0)
Time: 36.6, Position: (2.0, 2.0, 0.0), Orientation: (0.0, 0.0, 0.0, 1.0)
Time: 36.7, Position: (2.0, 2.0, 0.0), Orientation: (0.0, 0.0, 0.0, 1.0)
Time: 36.8, Position: (2.0, 2.0, 0.0), Orientation: (0.0, 0.0, 0.0, 1.0)
Time: 36.9, Position: (2.0, 2.0, 0.0), Orientation: (0.0, 0.0, 0.0, 1.0)
Time: 37.0, Position: (2.0, 2.0, 0.0), Orientation: (0.0, 0.0, 0.0, 1.0)
Time: 37.1, Position: (2.0, 2.0, 0.0), Orientation: (0.0, 0.0, 0.0, 1.0)
Time: 37.2, Position: (2.0, 2.0, 0.0), Orientation: (0.0, 0.0, 0.0, 1.0)
Time: 37.3, Position: (2.0, 2.0, 0.0), Orientation: (0.0, 0.0, 0.0, 1.0)
Time: 37.4, Position: (2.0, 2.0, 0.0), Orientation: (0.0, 0.0, 0.0, 1.0)
Time: 37.5, Position: (2.0, 2.0, 0.0), Orientation: (0.0, 0.0, 0.0, 1.0)
Time: 37.6, Position: (2.0, 2.0, 0.0), Orientation: (0.0, 0.0, 0.0, 1.0)
Time: 37.7, Position: (2.0, 2.0, 0.0), Orientation: (0.0, 0.0, 0.0, 1.0)
Time: 37.8, Position: (2.0, 2.0, 0.0), Orientation: (0.0, 0.0, 0.0, 1.0)
Time: 37.9, Position: (2.0, 2.0, 0.0), Orientation: (0.0, 0.0, 0.0, 1.0)
Time: 38.0, Position: (2.0, 2.0, 0.0), Orientation: (0.0, 0.0, 0.0, 1.0)
Time: 38.1, Position: (2.0, 2.0, 0.0), Orientation: (0.0, 0.0, 0.0, 1.0)
Time: 38.2, Position: (2.0, 2.0, 0.0), Orientation: (0.0, 0.0, 0.0, 1.0)
Time: 38.3, Position: (2.0, 2.0, 0.0), Orientation: (0.0, 0.0, 0.0, 1.0)
Time: 38.4, Position: (2.0, 2.0, 0.0), Orientation: (0.0, 0.0, 0.0, 1.0)
Time: 38.5, Position: (2.0, 2.0, 0.0), Orientation: (0.0, 0.0, 0.0, 1.0)
Time: 38.6, Position: (2.0, 2.0, 0.0), Orientation: (0.0, 0.0, 0.0, 1.0)
Time: 38.7, Position: (2.0, 2.0, 0.0), Orientation: (0.0, 0.0, 0.0, 1.0)
Time: 38.8, Position: (2.0, 2.0, 0.0), Orientation: (0.0, 0.0, 0.0, 1.0)
Time: 38.9, Position: (2.0, 2.0, 0.0), Orientation: (0.0, 0.0, 0.0, 1.0)
Time: 39.0, Position: (2.0, 2.0, 0.0), Orientation: (0.0, 0.0, 0.0, 1.0)
Time: 39.1, Position: (2.0, 2.0, 0.0), Orientation: (0.0, 0.0, 0.0, 1.0)
Time: 39.2, Position: (2.0, 2.0, 0.0), Orientation: (0.0, 0.0, 0.0, 1.0)
Time: 39.3, Position: (2.0, 2.0, 0.0), Orientation: (0.0, 0.0, 0.0, 1.0)
Time: 39.4, Position: (2.0, 2.0, 0.0), Orientation: (0.0, 0.0, 0.0, 1.0)
Time: 39.5, Position: (2.0, 2.0, 0.0), Orientation: (0.0, 0.0, 0.0, 1.0)
Time: 39.6, Position: (2.0, 2.0, 0.0), Orientation: (0.0, 0.0, 0.0, 1.0)
Time: 39.7, Position: (2.0, 2.0, 0.0), Orientation: (0.0, 0.0, 0.0, 1.0)
Time: 39.8, Position: (2.0, 2.0, 0.0), Orientation: (0.0, 0.0, 0.0, 1.0)
Time: 39.9, Position: (2.0, 2.0, 0.0), Orientation: (0.0, 0.0, 0.0, 1.0)
Time: 40.0, Position: (2.0, 2.0, 0.0), Orientation: (0.0, 0.0, 0.0, 1.0)
Time: 40.1, Position: (2.0, 2.0, 0.0), Orientation: (0.0, 0.0, 0.0, 1.0)
Time: 40.2, Position: (2.0, 2.0, 0.0), Orientation: (0.0, 0.0, 0.0, 1.0)
Time: 40.3, Position: (2.0, 2.0, 0.0), Orientation: (0.0, 0.0, 0.0, 1.0)
Time: 40.4, Position: (2.0, 2.0, 0.0), Orientation: (0.0, 0.0, 0.0, 1.0)
Time: 40.5, Position: (2.0, 2.0, 0.0), Orientation: (0.0, 0.0, 0.0, 1.0)
Time: 40.6, Position: (2.0, 2.0, 0.0), Orientation: (0.0, 0.0, 0.0, 1.0)
Time: 40.7, Position: (2.0, 2.0, 0.0), Orientation: (0.0, 0.0, 0.0, 1.0)
Time: 40.8, Position: (2.0, 2.0, 0.0), Orientation: (0.0, 0.0, 0.0, 1.0)
Time: 40.9, Position: (2.0, 2.0, 0.0), Orientation: (0.0, 0.0, 0.0, 1.0)
Time: 41.0, Position: (2.0, 2.0, 0.0), Orientation: (0.0, 0.0, 0.0, 1.0)
Time: 41.1, Position: (2.0, 2.0, 0.0), Orientation: (0.0, 0.0, 0.0, 1.0)
Time: 41.2, Position: (2.0, 2.0, 0.0), Orientation: (0.0, 0.0, 0.0, 1.0)
Time: 41.3, Position: (2.0, 2.0, 0.0), Orientation: (0.0, 0.0, 0.0, 1.0)
Time: 41.4, Position: (2.0, 2.0, 0.0), Orientation: (0.0, 0.0, 0.0, 1.0)
Time: 41.5, Position: (2.0, 2.0, 0.0), Orientation: (0.0, 0.0, 0.0, 1.0)
Time: 41.6, Position: (2.0, 2.0, 0.0), Orientation: (0.0, 0.0, 0.0, 1.0)
Time: 41.7, Position: (2.0, 2.0, 0.0), Orientation: (0.0, 0.0, 0.0, 1.0)
Time: 41.8, Position: (2.005891539956304, 2.0, 0.0), Orientation: (0.0, 0.0, 0.0060473485868092845, 0.9999817146203572)
Time: 41.9, Position: (2.011782649000369, 2.0000712550887076, 0.0), Orientation: (0.0, 0.0, 0.012094476017489085, 0.9999268591501392)
Time: 42.0, Position: (2.0202633742405505, 2.0002764399680513, 0.0), Orientation: (0.0, 0.0, 0.02075891198470019, 0.9997845105687582)
Time: 42.1, Position: (2.0287392698878732, 2.0006285683677203, 0.0), Orientation: (0.0, 0.0, 0.02942178910887589, 0.9995670854553149)
Time: 42.2, Position: (2.0477571523782254, 2.0017491041223514, 0.0), Orientation: (0.0, 0.0, 0.04128532423818541, 0.999147397535793)
Time: 42.3, Position: (2.0667430737535892, 2.003320805214402, 0.0), Orientation: (0.0, 0.0, 0.05314304145596407, 0.9985869101609582)
Time: 42.4, Position: (2.097463626663653, 2.0065998798863993, 0.0), Orientation: (0.0, 0.0, 0.06720864915515538, 0.9977389425489712)
Time: 42.5, Position: (2.128079580045088, 2.0107433205279834, 0.0), Orientation: (0.0, 0.0, 0.08126091188016923, 0.9966928635243674)
Time: 42.6, Position: (2.1622536922502347, 2.016353077826244, 0.0), Orientation: (0.0, 0.0, 0.09545315120945021, 0.9954339234344919)
Time: 42.7, Position: (2.1962540951551426, 2.02293425737548, 0.0), Orientation: (0.0, 0.0, 0.10962601311116063, 0.9939729056917757)
Time: 42.8, Position: (2.230609675091888, 2.03060577920986, 0.0), Orientation: (0.0, 0.0, 0.12379694345415317, 0.9923075716688899)
Time: 42.9, Position: (2.2647323733686617, 2.0392544543892015, 0.0), Orientation: (0.0, 0.0, 0.13794267015022446, 0.9904402151325573)
Time: 43.0, Position: (2.298974887255491, 2.048981319718833, 0.0), Orientation: (0.0, 0.0, 0.15207389522785586, 0.9883691265869382)
Time: 43.1, Position: (2.332925625772925, 2.05968220849273, 0.0), Orientation: (0.0, 0.0, 0.1661741001309163, 0.9860964295877357)
Time: 43.2, Position: (2.367238066856564, 2.0715846804016134, 0.0), Orientation: (0.0, 0.0, 0.1799585418826485, 0.9836741956580294)
Time: 43.3, Position: (2.4012039417572693, 2.0844428215149153, 0.0), Orientation: (0.0, 0.0, 0.19370773370582495, 0.9810592815434515)
Time: 43.4, Position: (2.4353516274456526, 2.0984746107367838, 0.0), Orientation: (0.0, 0.0, 0.20694560557955718, 0.9783524499541617)
Time: 43.5, Position: (2.4691076995197605, 2.113423963390567, 0.0), Orientation: (0.0, 0.0, 0.22014569576885762, 0.9754670023298818)
Time: 43.6, Position: (2.5033116917230576, 2.129690957948964, 0.0), Orientation: (0.0, 0.0, 0.23277337328693182, 0.9725310055153115)
Time: 43.7, Position: (2.537082443845389, 2.1468392667780636, 0.0), Orientation: (0.0, 0.0, 0.24536192664822906, 0.9694315473263025)
Time: 43.8, Position: (2.5706215807025377, 2.164978687855801, 0.0), Orientation: (0.0, 0.0, 0.25769955650049925, 0.9662250972622508)
Time: 43.9, Position: (2.6036874007765367, 2.1839672065181897, 0.0), Orientation: (0.0, 0.0, 0.26999531057881176, 0.9628616371345631)
Time: 44.0, Position: (2.636818262304455, 2.2041332494675436, 0.0), Orientation: (0.0, 0.0, 0.28174756241418447, 0.9594885674533413)
Time: 44.1, Position: (2.6694461349287906, 2.2251033520382846, 0.0), Orientation: (0.0, 0.0, 0.2934576949549328, 0.9559720609263315)
Time: 44.2, Position: (2.7016187581844315, 2.24691055803942, 0.0), Orientation: (0.0, 0.0, 0.3047335089253482, 0.9524376559849179)
Time: 44.3, Position: (2.7332670604438163, 2.269471960585007, 0.0), Orientation: (0.0, 0.0, 0.31596677112782046, 0.9487702564599396)
Time: 44.4, Position: (2.7644105824278857, 2.2928028394019404, 0.0), Orientation: (0.0, 0.0, 0.3269276004345699, 0.9450493871084696)
Time: 44.5, Position: (2.795005686459954, 2.3168483894519927, 0.0), Orientation: (0.0, 0.0, 0.33784462646191166, 0.9412018956476933)
Time: 44.6, Position: (2.82531130194916, 2.341822614602727, 0.0), Orientation: (0.0, 0.0, 0.346778201348608, 0.9379471621948777)
Time: 44.7, Position: (2.8551365551864953, 2.3673685833921074, 0.0), Orientation: (0.0, 0.0, 0.35568042677497064, 0.9346076363957095)
Time: 44.8, Position: (2.8847287923350384, 2.3937068048254315, 0.0), Orientation: (0.0, 0.0, 0.36213411123934913, 0.9321260030043613)
Time: 44.9, Position: (2.913953986327335, 2.420451719180109, 0.0), Orientation: (0.0, 0.0, 0.3685704825978854, 0.9295998060227648)
Time: 45.0, Position: (2.9430567751421957, 2.4478336426850693, 0.0), Orientation: (0.0, 0.0, 0.37066692760163694, 0.928765863273604)
Time: 45.1, Position: (2.9720357086021747, 2.4753466117570535, 0.0), Orientation: (0.0, 0.0, 0.37276148570976547, 0.9279271926026569)
Time: 45.2, Position: (3.0008789553524196, 2.502979296692166, 0.0), Orientation: (0.0, 0.0, 0.37029913598990843, 0.9289125631000623)
Time: 45.3, Position: (3.0298683700440825, 2.53045859791424, 0.0), Orientation: (0.0, 0.0, 0.3678341815410634, 0.9298913995139518)
Time: 45.4, Position: (3.059037984158424, 2.557816424963414, 0.0), Orientation: (0.0, 0.0, 0.36687342550527285, 0.9302708689720575)
Time: 45.5, Position: (3.088264056201669, 2.585113930368765, 0.0), Orientation: (0.0, 0.0, 0.3659122779974762, 0.9306493457853489)
Time: 45.6, Position: (3.1174308259546475, 2.612243439130496, 0.0), Orientation: (0.0, 0.0, 0.36166770057541925, 0.932307070851921)
Time: 45.7, Position: (3.1468436291089814, 2.639106010006726, 0.0), Orientation: (0.0, 0.0, 0.3574156133080509, 0.9339454370377479)
Time: 45.8, Position: (3.17614704667264, 2.665382892131792, 0.0), Orientation: (0.0, 0.0, 0.3490778805426199, 0.9370937163997379)
Time: 45.9, Position: (3.2059141619409384, 2.691133303074699, 0.0), Orientation: (0.0, 0.0, 0.34071242071291763, 0.9401675629226653)
Time: 46.0, Position: (3.2360100234385034, 2.7162443532453047, 0.0), Orientation: (0.0, 0.0, 0.3313179066434966, 0.9435191809059164)
Time: 46.1, Position: (3.266600804748617, 2.7407500631674457, 0.0), Orientation: (0.0, 0.0, 0.3218904296767872, 0.9467769279415787)
Time: 46.2, Position: (3.2976542393165813, 2.76462523249641, 0.0), Orientation: (0.0, 0.0, 0.3122842774497861, 0.9499886999631443)
Time: 46.3, Position: (3.3291849273727685, 2.787866472128946, 0.0), Orientation: (0.0, 0.0, 0.302646086842007, 0.9531030091859013)
Time: 46.4, Position: (3.3611728592421337, 2.8104592507868262, 0.0), Orientation: (0.0, 0.0, 0.29292696911170024, 0.956134818300763)
Time: 46.5, Position: (3.393614165130187, 2.8323960487537327, 0.0), Orientation: (0.0, 0.0, 0.28317748858829495, 0.9590675210624255)
Time: 46.6, Position: (3.4265119224542957, 2.8536784631545404, 0.0), Orientation: (0.0, 0.0, 0.2735131537550748, 0.9618682626653989)
Time: 46.7, Position: (3.459831278101722, 2.8742945767292176, 0.0), Orientation: (0.0, 0.0, 0.2638211274870479, 0.9645716213384379)
Time: 46.8, Position: (3.4935864156475387, 2.894252404635928, 0.0), Orientation: (0.0, 0.0, 0.2542935483320829, 0.9671270812445893)
Time: 46.9, Position: (3.527728701782218, 2.913540445049318, 0.0), Orientation: (0.0, 0.0, 0.24474122510782523, 0.9695884347148128)
Time: 47.0, Position: (3.562604293079662, 2.932344999913223, 0.0), Orientation: (0.0, 0.0, 0.2380881578317421, 0.9712435477779441)
Time: 47.1, Position: (3.597734440828284, 2.9506695973477095, 0.0), Orientation: (0.0, 0.0, 0.23142389976858574, 0.972853009768639)
Time: 47.2, Position: (3.6334112425439304, 2.968661427896355, 0.0), Orientation: (0.0, 0.0, 0.22916131036260629, 0.9733884598827404)
Time: 47.3, Position: (3.6691713232890213, 2.9864871613245554, 0.0), Orientation: (0.0, 0.0, 0.2268974821065396, 0.9739186478416524)
Time: 47.4, Position: (3.7049391600344506, 3.0041095837818044, 0.0), Orientation: (0.0, 0.0, 0.23076694502895326, 0.9730090529291102)
Time: 47.5, Position: (3.74056577193799, 3.0220157961949305, 0.0), Orientation: (0.0, 0.0, 0.23463276180912496, 0.9720840843701858)
Time: 47.6, Position: (3.775452504569783, 3.0398989471802857, 0.0), Orientation: (0.0, 0.0, 0.2442739569866331, 0.9697062616782943)
Time: 47.7, Position: (3.809977216535679, 3.058471385538216, 0.0), Orientation: (0.0, 0.0, 0.25389106511896103, 0.9672328194663162)
Time: 47.8, Position: (3.8441292546082986, 3.077727457133509, 0.0), Orientation: (0.0, 0.0, 0.2634628680861542, 0.9646695377899199)
Time: 47.9, Position: (3.8778929896722616, 3.0976565361972095, 0.0), Orientation: (0.0, 0.0, 0.27300880168043745, 0.9620115353804296)
Time: 48.0, Position: (3.91126371168618, 3.118256073855489, 0.0), Orientation: (0.0, 0.0, 0.2824681408589307, 0.9592766803168413)
Time: 48.1, Position: (3.9442223102004554, 3.139508763648546, 0.0), Orientation: (0.0, 0.0, 0.29190009234173925, 0.9564488151965499)
Time: 48.2, Position: (3.977010733342618, 3.161577815722679, 0.0), Orientation: (0.0, 0.0, 0.29924930500708324, 0.9541749595607598)
Time: 48.3, Position: (4.009455736330073, 3.1841487158541386, 0.0), Orientation: (0.0, 0.0, 0.3065808076956917, 0.9518446345663022)
Time: 48.4, Position: (4.041629859615016, 3.2072737795668775, 0.0), Orientation: (0.0, 0.0, 0.3130966040254798, 0.9497212836130987)
Time: 48.5, Position: (4.07348401598489, 3.2308376396673895, 0.0), Orientation: (0.0, 0.0, 0.3195976960171366, 0.9475533297395656)
Time: 48.6, Position: (4.1052457774995466, 3.2550136447057048, 0.0), Orientation: (0.0, 0.0, 0.32266444723354176, 0.9465134201327908)
Time: 48.7, Position: (4.136850297178237, 3.279394847506343, 0.0), Orientation: (0.0, 0.0, 0.3257278148695496, 0.9454635850313371)
Time: 48.8, Position: (4.168323721140867, 3.3040017036454508, 0.0), Orientation: (0.0, 0.0, 0.3233850609671964, 0.9462674581444945)
Time: 48.9, Position: (4.1999186526836185, 3.328452349563116, 0.0), Orientation: (0.0, 0.0, 0.32104032319197784, 0.9470655261832681)
Time: 49.0, Position: (4.231525116845359, 3.352662539579792, 0.0), Orientation: (0.0, 0.0, 0.31646723969106083, 0.9486034399064346)
Time: 49.1, Position: (4.263363722652542, 3.3765666199366207, 0.0), Orientation: (0.0, 0.0, 0.31188678937987224, 0.950119271781346)
Time: 49.2, Position: (4.295541097721176, 3.4002430037206732, 0.0), Orientation: (0.0, 0.0, 0.3094970707749294, 0.9509003960361665)
Time: 49.3, Position: (4.327837117122393, 3.4237572918500954, 0.0), Orientation: (0.0, 0.0, 0.307105395866822, 0.9516755097350581)
Time: 49.4, Position: (4.360235888640636, 3.4470980289884037, 0.0), Orientation: (0.0, 0.0, 0.30990140689468193, 0.9507686984775513)
Time: 49.5, Position: (4.392496886224861, 3.4706288266995213, 0.0), Orientation: (0.0, 0.0, 0.31269474037924383, 0.9498536725933934)
Time: 49.6, Position: (4.424652789214776, 3.494373826591441, 0.0), Orientation: (0.0, 0.0, 0.3144443973436087, 0.9492758929727515)
Time: 49.7, Position: (4.456720969562586, 3.5182371651287143, 0.0), Orientation: (0.0, 0.0, 0.3161929867287493, 0.9486948904382024)
Time: 49.8, Position: (4.488718976258627, 3.5422320045442133, 0.0), Orientation: (0.0, 0.0, 0.3154664598888985, 0.9489367274403315)
Time: 49.9, Position: (4.520753692052538, 3.5661778128433474, 0.0), Orientation: (0.0, 0.0, 0.31473974808273875, 0.9491780080558199)
Time: 50.0, Position: (4.552777868437556, 3.590039384456704, 0.0), Orientation: (0.0, 0.0, 0.3120649808638095, 0.9500607600140478)
Time: 50.1, Position: (4.584935956373743, 3.6137201752645844, 0.0), Orientation: (0.0, 0.0, 0.3093877378365694, 0.9509359745410677)
Time: 50.2, Position: (4.617277450280199, 3.6372561952320552, 0.0), Orientation: (0.0, 0.0, 0.30973127408322215, 0.9508241361339035)
Time: 50.3, Position: (4.649601929445116, 3.660815577879472, 0.0), Orientation: (0.0, 0.0, 0.310074769902206, 0.950712173620436)
Time: 50.4, Position: (4.6819071329347315, 3.6843966728630977, 0.0), Orientation: (0.0, 0.0, 0.31073185178289875, 0.9504976150877869)
Time: 50.5, Position: (4.714179705880315, 3.708022405626427, 0.0), Orientation: (0.0, 0.0, 0.3113887851984104, 0.9502826024150175)
Time: 50.6, Position: (4.746415157845313, 3.7316894794492046, 0.0), Orientation: (0.0, 0.0, 0.3124140542897916, 0.9499460293523075)
Time: 50.7, Position: (4.778599456466025, 3.7554260686947827, 0.0), Orientation: (0.0, 0.0, 0.3134389595880852, 0.9496083501172148)
Time: 50.8, Position: (4.81072186760343, 3.779224221388226, 0.0), Orientation: (0.0, 0.0, 0.311846583957904, 0.9501324686978053)
Time: 50.9, Position: (4.8429238891132105, 3.8029145396550748, 0.0), Orientation: (0.0, 0.0, 0.31025333192642174, 0.9506539170636986)
Time: 51.0, Position: (4.875203375051868, 3.8264954539677483, 0.0), Orientation: (0.0, 0.0, 0.30858274262044516, 0.951197503653602)
Time: 51.1, Position: (4.907565515597194, 3.849962805578233, 0.0), Orientation: (0.0, 0.0, 0.3069112009185749, 0.9517381545103244)
Time: 51.2, Position: (4.940003768022948, 3.8733118828910054, 0.0), Orientation: (0.0, 0.0, 0.3049995498471464, 0.9523524949266622)
Time: 51.3, Position: (4.972535525745362, 3.8965305041094362, 0.0), Orientation: (0.0, 0.0, 0.30308666907122317, 0.9529629956253868)
Time: 51.4, Position: (5.005065916165882, 3.919551526866653, 0.0), Orientation: (0.0, 0.0, 0.2989908902296632, 0.9542559654304884)
Time: 51.5, Position: (5.037792855515085, 3.9422922663122684, 0.0), Orientation: (0.0, 0.0, 0.294889595850757, 0.955531331908576)
Time: 51.6, Position: (5.070582405901518, 3.9646613193499567, 0.0), Orientation: (0.0, 0.0, 0.2889754652896281, 0.95733650325298)
Time: 51.7, Position: (5.103646080005077, 3.9866231636058687, 0.0), Orientation: (0.0, 0.0, 0.28305028558285766, 0.9591050702772156)
Time: 51.8, Position: (5.1365767480233036, 4.007914479994043, 0.0), Orientation: (0.0, 0.0, 0.2735775868855919, 0.9618499383759695)
Time: 51.9, Position: (5.169920950213014, 4.02855214531742, 0.0), Orientation: (0.0, 0.0, 0.264078278302808, 0.9645012508693935)
Time: 52.0, Position: (5.203639104835273, 4.048512378575756, 0.0), Orientation: (0.0, 0.0, 0.25436934676065415, 0.9671071478531001)
Time: 52.1, Position: (5.237751722631955, 4.067790712785827, 0.0), Orientation: (0.0, 0.0, 0.24463471016561594, 0.969615314741978)
Time: 52.2, Position: (5.2724439493612305, 4.086486562410768, 0.0), Orientation: (0.0, 0.0, 0.23632421207559096, 0.9716742596090786)
Time: 52.3, Position: (5.307451213916874, 4.104585645729131, 0.0), Orientation: (0.0, 0.0, 0.22799639056238027, 0.9736619772233722)
Time: 52.4, Position: (5.34256769368767, 4.1219857574346115, 0.0), Orientation: (0.0, 0.0, 0.21824327704224147, 0.9758943959393678)
Time: 52.5, Position: (5.3780253092651495, 4.138679724501057, 0.0), Orientation: (0.0, 0.0, 0.2084683158605561, 0.9780291208763998)
Time: 52.6, Position: (5.413830578884708, 4.1546701140343245, 0.0), Orientation: (0.0, 0.0, 0.19880957098766358, 0.9800381393005586)
Time: 52.7, Position: (5.449944365238032, 4.169950962347863, 0.0), Orientation: (0.0, 0.0, 0.1891314764747501, 0.9819517730553171)
Time: 52.8, Position: (5.4863498933174615, 4.184515234088988, 0.0), Orientation: (0.0, 0.0, 0.17941711900945137, 0.9837730924386723)
Time: 52.9, Position: (5.5230361868331475, 4.198357067572034, 0.0), Orientation: (0.0, 0.0, 0.1696852350132865, 0.9854983110175713)
Time: 53.0, Position: (5.560108393518707, 4.211513456865449, 0.0), Orientation: (0.0, 0.0, 0.16074744593376145, 0.9869955717356449)
Time: 53.1, Position: (5.597412954054148, 4.2239957984340135, 0.0), Orientation: (0.0, 0.0, 0.15179645533146777, 0.9884117745903281)
Time: 53.2, Position: (5.635467630243819, 4.235966719938724, 0.0), Orientation: (0.0, 0.0, 0.1481851553048617, 0.9889596350444613)
Time: 53.3, Position: (5.673608740758758, 4.247659325732982, 0.0), Orientation: (0.0, 0.0, 0.14457187824541445, 0.9894943011561982)
Time: 53.4, Position: (5.7119188198306885, 4.259098243290542, 0.0), Orientation: (0.0, 0.0, 0.14608099576010777, 0.9892726331389823)
Time: 53.5, Position: (5.75019382488704, 4.270653976989552, 0.0), Orientation: (0.0, 0.0, 0.14758977340679072, 0.9890486635073787)
Time: 53.6, Position: (5.7881220600244605, 4.282231384374054, 0.0), Orientation: (0.0, 0.0, 0.15405952647332521, 0.9880615680729692)
Time: 53.7, Position: (5.825895510680691, 4.294304238548089, 0.0), Orientation: (0.0, 0.0, 0.16052268085264873, 0.9870321519240792)
Time: 53.8, Position: (5.863810499406709, 4.306971634622043, 0.0), Orientation: (0.0, 0.0, 0.1622632145229456, 0.9867475103655852)
Time: 53.9, Position: (5.901680570524349, 4.319772689536906, 0.0), Orientation: (0.0, 0.0, 0.16400324347703893, 0.9864597995503979)
Time: 54.0, Position: (5.939461316575146, 4.332692219541624, 0.0), Orientation: (0.0, 0.0, 0.1669466853455267, 0.9859659244883373)
Time: 54.1, Position: (5.977164271037159, 4.345837038008724, 0.0), Orientation: (0.0, 0.0, 0.16988864009257287, 0.9854632666758799)
Time: 54.2, Position: (6.014426213035876, 4.35907808327478, 0.0), Orientation: (0.0, 0.0, 0.1772975316657749, 0.984157297013655)
Time: 54.3, Position: (6.051484716533213, 4.372878261526943, 0.0), Orientation: (0.0, 0.0, 0.18469638868960336, 0.9827956267734503)
Time: 54.4, Position: (6.087964483642112, 4.387091493908028, 0.0), Orientation: (0.0, 0.0, 0.1947579683080616, 0.9808513311305216)
Time: 54.5, Position: (6.124145301858065, 4.402049360609611, 0.0), Orientation: (0.0, 0.0, 0.20479909528799684, 0.9788040307279174)
Time: 54.6, Position: (6.159984996080521, 4.417733772569862, 0.0), Orientation: (0.0, 0.0, 0.21498888137669453, 0.976616496320023)
Time: 54.7, Position: (6.195490002781362, 4.434161765742224, 0.0), Orientation: (0.0, 0.0, 0.22515531600789057, 0.9743228847119352)
Time: 54.8, Position: (6.230624074168012, 4.451316036300023, 0.0), Orientation: (0.0, 0.0, 0.23542849560473403, 0.9718916726967527)
Time: 54.9, Position: (6.265388146429679, 4.469208248302959, 0.0), Orientation: (0.0, 0.0, 0.2456754369286067, 0.9693521443159541)
Time: 55.0, Position: (6.299711020550042, 4.487800253180912, 0.0), Orientation: (0.0, 0.0, 0.25624313559739037, 0.9666123604937077)
Time: 55.1, Position: (6.333619802899935, 4.507137181913566, 0.0), Orientation: (0.0, 0.0, 0.26678029452496416, 0.963757373228954)
Time: 55.2, Position: (6.367085662144772, 4.5272022218716375, 0.0), Orientation: (0.0, 0.0, 0.27736461919588934, 0.9607647308359728)
Time: 55.3, Position: (6.400102055958889, 4.547998550947353, 0.0), Orientation: (0.0, 0.0, 0.28791538723087173, 0.9576558514391781)
Time: 55.4, Position: (6.432439431573468, 4.569374922965806, 0.0), Orientation: (0.0, 0.0, 0.298431272026852, 0.9544311268375708)
Time: 55.5, Position: (6.464298771928157, 4.591457440360201, 0.0), Orientation: (0.0, 0.0, 0.3089110518072098, 0.9510909325986466)
Time: 55.6, Position: (6.495153565414896, 4.613864259197176, 0.0), Orientation: (0.0, 0.0, 0.31951692998719977, 0.9475805672614624)
Time: 55.7, Position: (6.525500050995946, 4.636954833559488, 0.0), Orientation: (0.0, 0.0, 0.33008293011649553, 0.9439519369362557)
Time: 55.8, Position: (6.555951416777844, 4.66121829170364, 0.0), Orientation: (0.0, 0.0, 0.340875290927906, 0.9401085235412002)
Time: 55.9, Position: (6.585838896074763, 4.686173043963922, 0.0), Orientation: (0.0, 0.0, 0.3516229129214554, 0.9361417238370644)
Time: 56.0, Position: (6.614903704250372, 4.711593377193996, 0.0), Orientation: (0.0, 0.0, 0.3617720916681206, 0.9322665679354125)
Time: 56.2, Position: (6.643409368727167, 4.73763917356403, 0.0), Orientation: (0.0, 0.0, 0.3718785731093111, 0.9282813834512587)
Time: 56.2, Position: (6.670827369647126, 4.763806567831409, 0.0), Orientation: (0.0, 0.0, 0.3828204252813316, 0.9238227762874329)
Time: 56.3, Position: (6.697619413859009, 4.7906145081502745, 0.0), Orientation: (0.0, 0.0, 0.393708834456074, 0.9192352004091443)
Time: 56.4, Position: (6.723541908224789, 4.817808180897955, 0.0), Orientation: (0.0, 0.0, 0.40491516963969915, 0.9143542559619076)
Time: 56.5, Position: (6.748791933963186, 4.845627378439619, 0.0), Orientation: (0.0, 0.0, 0.41606100824283987, 0.9093367018986706)
Time: 56.6, Position: (6.773575474172326, 4.874311340826914, 0.0), Orientation: (0.0, 0.0, 0.42676762925071304, 0.9043613164127079)
Time: 56.7, Position: (6.79767486786415, 4.903572454736339, 0.0), Orientation: (0.0, 0.0, 0.43741476474296265, 0.899259875444723)
Time: 56.8, Position: (6.820229792878543, 4.932315182305024, 0.0), Orientation: (0.0, 0.0, 0.44880965604402756, 0.8936273790801408)
Time: 56.9, Position: (6.842046808184411, 4.9616219541101225, 0.0), Orientation: (0.0, 0.0, 0.46013203381387807, 0.8878505006240094)
Time: 57.0, Position: (6.863075454802989, 4.991422304137902, 0.0), Orientation: (0.0, 0.0, 0.471414149938732, 0.8819119566246637)
Time: 57.1, Position: (6.883337456949526, 5.021749125755095, 0.0), Orientation: (0.0, 0.0, 0.4826196365389792, 0.8758300556768897)
Time: 57.2, Position: (6.903417984650427, 5.053529673153313, 0.0), Orientation: (0.0, 0.0, 0.4928621741295326, 0.870107394125754)
Time: 57.3, Position: (6.922747299026642, 5.085772631941588, 0.0), Orientation: (0.0, 0.0, 0.5030368650862385, 0.8642649549554867)
Time: 57.4, Position: (6.940229341171401, 5.116549396960617, 0.0), Orientation: (0.0, 0.0, 0.515246692678671, 0.8570419159432584)
Time: 57.5, Position: (6.9568312377310315, 5.1478097247453825, 0.0), Orientation: (0.0, 0.0, 0.5273528257497226, 0.8496463953750305)
Time: 57.6, Position: (6.973213362330736, 5.180888877833887, 0.0), Orientation: (0.0, 0.0, 0.5382947945014293, 0.842756616237846)
Time: 57.7, Position: (6.988734643885769, 5.2143805811996815, 0.0), Orientation: (0.0, 0.0, 0.5491467626583952, 0.8357259317873319)
Time: 57.8, Position: (7.003212921527616, 5.247865151530327, 0.0), Orientation: (0.0, 0.0, 0.560576297214737, 0.8281027804572418)
Time: 57.9, Position: (7.016765786202825, 5.28173485529044, 0.0), Orientation: (0.0, 0.0, 0.5719000248469127, 0.8203233274630806)
Time: 58.0, Position: (7.029193021913934, 5.315448714076852, 0.0), Orientation: (0.0, 0.0, 0.5835666050090544, 0.8120652790990428)
Time: 58.1, Position: (7.040651524248248, 5.349504010081205, 0.0), Orientation: (0.0, 0.0, 0.5951139599137334, 0.8036413221803589)
Time: 58.2, Position: (7.051034973946176, 5.38355496275616, 0.0), Orientation: (0.0, 0.0, 0.6065307753546894, 0.7950600094003215)
Time: 58.3, Position: (7.060441663482058, 5.4178885847275895, 0.0), Orientation: (0.0, 0.0, 0.6178238690687784, 0.7863165182093563)
Time: 58.4, Position: (7.068735802163083, 5.451950720873893, 0.0), Orientation: (0.0, 0.0, 0.6289762393922322, 0.7774245238478172)
Time: 58.5, Position: (7.076055009996411, 5.48623557251426, 0.0), Orientation: (0.0, 0.0, 0.6400006489481801, 0.768374367965192)
Time: 58.6, Position: (7.082289149791839, 5.520148507719519, 0.0), Orientation: (0.0, 0.0, 0.6508789809877183, 0.7591815014266281)
Time: 58.7, Position: (7.08755487760311, 5.5542252414808795, 0.0), Orientation: (0.0, 0.0, 0.6616252842416325, 0.7498346372715647)
Time: 58.8, Position: (7.091590237095268, 5.586384544645346, 0.0), Orientation: (0.0, 0.0, 0.6721762970176502, 0.7403911302329598)
Time: 58.9, Position: (7.094713345446778, 5.618645218855285, 0.0), Orientation: (0.0, 0.0, 0.6825925359618952, 0.7307991720364144)
Time: 59.0, Position: (7.096923797400235, 5.651012132629904, 0.0), Orientation: (0.0, 0.0, 0.6928728644113233, 0.7210597712828305)
Time: 59.1, Position: (7.098216765627489, 5.683428662954654, 0.0), Orientation: (0.0, 0.0, 0.7030142433881735, 0.7111757684239206)
Time: 59.2, Position: (7.09857708102259, 5.714644487155513, 0.0), Orientation: (0.0, 0.0, 0.7129762064605537, 0.7011882265277405)
Time: 59.3, Position: (7.0980566741372755, 5.745858052866541, 0.0), Orientation: (0.0, 0.0, 0.7227962931845645, 0.6910611539933735)
Time: 59.4, Position: (7.0966665649149645, 5.776808383063595, 0.0), Orientation: (0.0, 0.0, 0.7324649491788023, 0.6808047430978242)
Time: 59.5, Position: (7.094404609328856, 5.807707232554849, 0.0), Orientation: (0.0, 0.0, 0.7419880813272137, 0.6704130720446612)
Time: 59.6, Position: (7.091291495063366, 5.838344144168986, 0.0), Orientation: (0.0, 0.0, 0.7513578812567924, 0.6598949418455211)
Time: 59.7, Position: (7.087316600957467, 5.868881204448741, 0.0), Orientation: (0.0, 0.0, 0.7605785935896459, 0.6492458725114827)
Time: 59.8, Position: (7.0836404465231935, 5.892011925540714, 0.0), Orientation: (0.0, 0.0, 0.7693397969309644, 0.6388397896642181)
Time: 59.9, Position: (7.0793364247359065, 5.915034083695715, 0.0), Orientation: (0.0, 0.0, 0.7779586376016779, 0.6283154925520626)
Time: 60.0, Position: (7.074715257656187, 5.936501962124792, 0.0), Orientation: (0.0, 0.0, 0.7863491602676551, 0.6177823226237164)
Time: 60.1, Position: (7.069517634691876, 5.957837606125975, 0.0), Orientation: (0.0, 0.0, 0.7945970796620008, 0.6071371187735274)
Time: 60.2, Position: (7.062052782399165, 5.985247715794961, 0.0), Orientation: (0.0, 0.0, 0.8029950185022993, 0.5959857383029331)
Time: 60.3, Position: (7.053825648159463, 6.012438750972383, 0.0), Orientation: (0.0, 0.0, 0.8112364707468636, 0.5847182129283928)
Time: 60.4, Position: (7.044061995479124, 6.041731617534324, 0.0), Orientation: (0.0, 0.0, 0.8193945841823306, 0.5732298975216367)
Time: 60.5, Position: (7.03347683208153, 6.070737742075948, 0.0), Orientation: (0.0, 0.0, 0.8273900181260729, 0.5616277752260269)
Time: 60.6, Position: (7.022036575632264, 6.099539800092682, 0.0), Orientation: (0.0, 0.0, 0.8352241760042145, 0.5499096069519798)
Time: 60.7, Position: (7.009788994056341, 6.128007935949555, 0.0), Orientation: (0.0, 0.0, 0.8428923836106444, 0.5380821774145347)
Time: 60.8, Position: (6.996786838851644, 6.156026823950338, 0.0), Orientation: (0.0, 0.0, 0.8503905473772706, 0.5261519903330083)
Time: 60.9, Position: (6.98300032514142, 6.183668208946123, 0.0), Orientation: (0.0, 0.0, 0.8577198645498821, 0.514117334814273)
Time: 61.0, Position: (6.9683456917668645, 6.211087343420196, 0.0), Orientation: (0.0, 0.0, 0.8648836828243998, 0.5019723251177336)
Time: 61.1, Position: (6.9529237394430154, 6.238082354092001, 0.0), Orientation: (0.0, 0.0, 0.8718755435821063, 0.4897275125040525)
Time: 61.2, Position: (6.93636970002055, 6.265250552216849, 0.0), Orientation: (0.0, 0.0, 0.8787099743771258, 0.47735603162644835)
Time: 61.3, Position: (6.919054392696279, 6.291940013485626, 0.0), Orientation: (0.0, 0.0, 0.8853688714461234, 0.4648891926838242)
Time: 61.4, Position: (6.900790604465515, 6.318420914987321, 0.0), Orientation: (0.0, 0.0, 0.8918579880021501, 0.4523155195621268)
Time: 61.5, Position: (6.8817848442455745, 6.344374434658896, 0.0), Orientation: (0.0, 0.0, 0.8981685493364265, 0.43965129020952404)
Time: 61.6, Position: (6.861416338256745, 6.37059862246419, 0.0), Orientation: (0.0, 0.0, 0.9043179056597518, 0.42685960865741357)
Time: 61.7, Position: (6.840311731078208, 6.396234137245523, 0.0), Orientation: (0.0, 0.0, 0.9102850946467103, 0.41398193978002196)
Time: 61.8, Position: (6.8169655655729295, 6.423006196546668, 0.0), Orientation: (0.0, 0.0, 0.9161036306337753, 0.4009415642454836)
Time: 61.9, Position: (6.792864429721143, 6.449100675918319, 0.0), Orientation: (0.0, 0.0, 0.9217353669021693, 0.38781943401758945)
Time: 62.0, Position: (6.767753337974409, 6.474777118455235, 0.0), Orientation: (0.0, 0.0, 0.9271841571837944, 0.3746058444116652)
Time: 62.1, Position: (6.741918615277722, 6.499725339499023, 0.0), Orientation: (0.0, 0.0, 0.9324435346218649, 0.36131572722742505)
Time: 62.2, Position: (6.714917963079264, 6.524347540956471, 0.0), Orientation: (0.0, 0.0, 0.9375195909388677, 0.34793248857474934)
Time: 62.3, Position: (6.687223602490948, 6.548186803012114, 0.0), Orientation: (0.0, 0.0, 0.9424035706565972, 0.33447796640989097)
Time: 62.4, Position: (6.658370553528518, 6.571619652495039, 0.0), Orientation: (0.0, 0.0, 0.9471008215847384, 0.3209361833036494)
Time: 62.5, Position: (6.628857704533606, 6.594215860440652, 0.0), Orientation: (0.0, 0.0, 0.9516034962786727, 0.30732846576619965)
Time: 62.6, Position: (6.598022091905096, 6.616452432282885, 0.0), Orientation: (0.0, 0.0, 0.9559181297892823, 0.2936333243011782)
Time: 62.7, Position: (6.566560698238137, 6.637794429424738, 0.0), Orientation: (0.0, 0.0, 0.9600356788275693, 0.2798776435839209)
Time: 62.8, Position: (6.534249884047996, 6.658383290360376, 0.0), Orientation: (0.0, 0.0, 0.9639575683962274, 0.26605602103999215)
Time: 62.9, Position: (6.501360873113151, 6.6780353352408595, 0.0), Orientation: (0.0, 0.0, 0.9676804793208477, 0.2521794796199217)
Time: 63.0, Position: (6.4679208196291915, 6.69673433872358, 0.0), Orientation: (0.0, 0.0, 0.9712036431238624, 0.23825088369812428)
Time: 63.1, Position: (6.433957332749662, 6.714464862326703, 0.0), Orientation: (0.0, 0.0, 0.9745263325591987, 0.2242731083940249)
Time: 63.2, Position: (6.399418508326331, 6.731251121575583, 0.0), Orientation: (0.0, 0.0, 0.9775688010532068, 0.2106163317679707)
Time: 63.3, Position: (6.364423531241087, 6.747064422019182, 0.0), Orientation: (0.0, 0.0, 0.9804198966097362, 0.1969183240121505)
Time: 63.4, Position: (6.329035043298472, 6.761877630460087, 0.0), Orientation: (0.0, 0.0, 0.9831088706805784, 0.18302171562182912)
Time: 63.5, Position: (6.293241443671151, 6.77568322530049, 0.0), Orientation: (0.0, 0.0, 0.9856008825204816, 0.16908843950680882)
Time: 63.6, Position: (6.256888145028267, 6.78853493368605, 0.0), Orientation: (0.0, 0.0, 0.9877630871812041, 0.15596180174086546)
Time: 63.7, Position: (6.220205805506639, 6.800414946222499, 0.0), Orientation: (0.0, 0.0, 0.9897504738285884, 0.14280756127070005)
Time: 63.8, Position: (6.183048671761007, 6.811365460575935, 0.0), Orientation: (0.0, 0.0, 0.9914535747761961, 0.13045999027863622)
Time: 63.9, Position: (6.145630125006989, 6.821386374287416, 0.0), Orientation: (0.0, 0.0, 0.9930026404603559, 0.1180921506229826)
Time: 64.0, Position: (6.107976403578153, 6.830470739820369, 0.0), Orientation: (0.0, 0.0, 0.9943990054672336, 0.10569114402719251)
Time: 64.1, Position: (6.070107697343133, 6.838612577614286, 0.0), Orientation: (0.0, 0.0, 0.9956405079440525, 0.09327367764224445)
Time: 64.2, Position: (6.032335009270642, 6.84575248811489, 0.0), Orientation: (0.0, 0.0, 0.9967356524657927, 0.08073437374248194)
Time: 64.3, Position: (5.994394566813182, 6.851939338065431, 0.0), Orientation: (0.0, 0.0, 0.997672880685671, 0.06818227881462385)
Time: 64.4, Position: (5.956743378045363, 6.857109750330303, 0.0), Orientation: (0.0, 0.0, 0.9984373387557466, 0.055882739538630564)
Time: 64.5, Position: (5.918976203782231, 6.861350708570706, 0.0), Orientation: (0.0, 0.0, 0.9990501710738021, 0.0435747137386677)
Time: 64.6, Position: (5.880750497112578, 6.864691579807216, 0.0), Orientation: (0.0, 0.0, 0.9994844849219559, 0.03210551977920032)
Time: 64.7, Position: (5.84245817832274, 6.8671541785789945, 0.0), Orientation: (0.0, 0.0, 0.9997871356408476, 0.020632096526267685)
Time: 64.8, Position: (5.8043658824218785, 6.868727030914759, 0.0), Orientation: (0.0, 0.0, 0.9999592960508352, 0.009022540746275379)
Time: 64.9, Position: (5.766247335556492, 6.869414967205634, 0.0), Orientation: (0.0, 0.0, 0.9999966505235645, -0.0025882313752887075)
Time: 65.0, Position: (5.727706297434845, 6.869215458952682, 0.0), Orientation: (0.0, 0.0, 0.999902524989585, -0.013962110136090534)
Time: 65.1, Position: (5.689179769559257, 6.868139321002062, 0.0), Orientation: (0.0, 0.0, 0.9996790380886539, -0.025334182563167232)
Time: 65.2, Position: (5.650466403128126, 6.866175887251781, 0.0), Orientation: (0.0, 0.0, 0.9992903961390199, -0.03766568974970036)
Time: 65.3, Position: (5.611813265551046, 6.863257879717511, 0.0), Orientation: (0.0, 0.0, 0.9987496450911799, -0.04999146357371619)
Time: 65.4, Position: (5.572977402807286, 6.859360330421402, 0.0), Orientation: (0.0, 0.0, 0.9981430379495595, -0.06091367492463635)
Time: 65.5, Position: (5.534236098737195, 6.854614123039027, 0.0), Orientation: (0.0, 0.0, 0.9974169903439634, -0.07182859718239165)
Time: 65.6, Position: (5.495648650936945, 6.849027429731464, 0.0), Orientation: (0.0, 0.0, 0.9965527744506872, -0.08296124236435805)
Time: 65.7, Position: (5.457195579072449, 6.842580451056638, 0.0), Orientation: (0.0, 0.0, 0.9955643057087971, -0.0940835437181273)
Time: 65.8, Position: (5.418843301118936, 6.835266340594406, 0.0), Orientation: (0.0, 0.0, 0.994482926351148, -0.10489856622498381)
Time: 65.9, Position: (5.3806590659966185, 6.827120321677118, 0.0), Orientation: (0.0, 0.0, 0.9932840646548521, -0.11570119663484771)
Time: 66.0, Position: (5.342755781509158, 6.818168647861899, 0.0), Orientation: (0.0, 0.0, 0.9919725296570598, -0.12645355038817063)
Time: 66.1, Position: (5.3050553070666835, 6.808397994565228, 0.0), Orientation: (0.0, 0.0, 0.9905446033130471, -0.13719106693731298)
Time: 66.2, Position: (5.267435646368936, 6.797773496304941, 0.0), Orientation: (0.0, 0.0, 0.9890639013881378, -0.14748762311080882)
Time: 66.3, Position: (5.23004515448236, 6.786368674922019, 0.0), Orientation: (0.0, 0.0, 0.9874761713281557, -0.15776821942041144)
Time: 66.4, Position: (5.192997706084339, 6.774220500457846, 0.0), Orientation: (0.0, 0.0, 0.9858344038614022, -0.16772157930103623)
Time: 66.5, Position: (5.156202880146657, 6.761327387574151, 0.0), Orientation: (0.0, 0.0, 0.9840923131800008, -0.17765787103316122)
Time: 66.6, Position: (5.119507509455617, 6.747631828990804, 0.0), Orientation: (0.0, 0.0, 0.9822391903105172, -0.1876330808203597)
Time: 66.7, Position: (5.083097582430328, 6.733194524218932, 0.0), Orientation: (0.0, 0.0, 0.9802849568441282, -0.19758897586936805)
Time: 66.8, Position: (5.046942803098504, 6.718002388034406, 0.0), Orientation: (0.0, 0.0, 0.9782922259428685, -0.20723011523363993)
Time: 66.9, Position: (5.011094144780261, 6.702101357653829, 0.0), Orientation: (0.0, 0.0, 0.9762046764696236, -0.21685116932780768)
Time: 67.0, Position: (4.975194285652434, 6.6853241138359385, 0.0), Orientation: (0.0, 0.0, 0.9747254869040438, -0.2234059649599239)
Time: 67.1, Position: (4.9395231356651585, 6.668065931599446, 0.0), Orientation: (0.0, 0.0, 0.9732022852197882, -0.22995067306485967)
Time: 67.2, Position: (4.903882760080967, 6.65022763545077, 0.0), Orientation: (0.0, 0.0, 0.9722162594130538, -0.2340844824692356)
Time: 67.3, Position: (4.8683952878105545, 6.632087059574388, 0.0), Orientation: (0.0, 0.0, 0.9712126747710137, -0.23821406416106766)
Time: 67.4, Position: (4.833759686917978, 6.614009002844257, 0.0), Orientation: (0.0, 0.0, 0.9711792461848759, -0.23835031315225108)
Time: 67.5, Position: (4.7991291597264745, 6.595921228775395, 0.0), Orientation: (0.0, 0.0, 0.9711457984847089, -0.23848655745240055)
Time: 67.6, Position: (4.763789854497915, 6.577450632486014, 0.0), Orientation: (0.0, 0.0, 0.97207954439027, -0.23465157015883176)
Time: 67.7, Position: (4.728305843964645, 6.559259579251049, 0.0), Orientation: (0.0, 0.0, 0.9729981462599011, -0.23081292722634958)
Time: 67.8, Position: (4.693314697033248, 6.541668613606264, 0.0), Orientation: (0.0, 0.0, 0.9747492286315356, -0.22330235395585574)
Time: 67.9, Position: (4.658056399139875, 6.524619424019871, 0.0), Orientation: (0.0, 0.0, 0.9764423377924818, -0.21577849977778812)
Time: 68.0, Position: (4.622977090206923, 6.508319472323736, 0.0), Orientation: (0.0, 0.0, 0.9787160836629312, -0.205218974706274)
Time: 68.1, Position: (4.587553862865379, 6.492781090644196, 0.0), Orientation: (0.0, 0.0, 0.9808756393121616, -0.19463550602076268)
Time: 68.2, Position: (4.5514540512191735, 6.47786726748121, 0.0), Orientation: (0.0, 0.0, 0.9829168850501131, -0.18404998528492963)
Time: 68.3, Position: (4.515041095738351, 6.463735204808694, 0.0), Orientation: (0.0, 0.0, 0.9848438962531351, -0.1734430742720624)
Time: 68.4, Position: (4.478968135200747, 6.4506227341797215, 0.0), Orientation: (0.0, 0.0, 0.986621596272599, -0.16302707066161926)
Time: 68.5, Position: (4.4426261402566345, 6.438275476531752, 0.0), Orientation: (0.0, 0.0, 0.9882891366870658, -0.15259286453282886)
Time: 68.6, Position: (4.40598278836809, 6.426683586760354, 0.0), Orientation: (0.0, 0.0, 0.9895336924758327, -0.14430201473002408)
Time: 68.7, Position: (4.3691502292398585, 6.415707716217871, 0.0), Orientation: (0.0, 0.0, 0.9907086968015394, -0.1360010223556997)
Time: 68.8, Position: (4.33100949938071, 6.405034937640252, 0.0), Orientation: (0.0, 0.0, 0.9916366618925834, -0.1290609576538713)
Time: 68.9, Position: (4.292723055847699, 6.394897298943348, 0.0), Orientation: (0.0, 0.0, 0.9925160113841648, -0.12211456565892774)
Time: 69.0, Position: (4.255284452959488, 6.385543154677571, 0.0), Orientation: (0.0, 0.0, 0.9928747072425679, -0.11916297964546403)
Time: 69.1, Position: (4.217790886945604, 6.376411807091993, 0.0), Orientation: (0.0, 0.0, 0.9932246255695696, -0.11621034016897215)
Time: 69.2, Position: (4.179003559741056, 6.36720935460401, 0.0), Orientation: (0.0, 0.0, 0.992737536107707, -0.12030039236344714)
Time: 69.3, Position: (4.1402933568011395, 6.357687691313557, 0.0), Orientation: (0.0, 0.0, 0.992233604076134, -0.12438840356755876)
Time: 69.4, Position: (4.102102393743028, 6.3479594131095025, 0.0), Orientation: (0.0, 0.0, 0.9917647508727042, -0.1280729437719104)
Time: 69.5, Position: (4.0639847503296505, 6.337947704127906, 0.0), Orientation: (0.0, 0.0, 0.9912822156201263, -0.13175571712549455)
Time: 69.6, Position: (4.025384986143714, 6.327502240163448, 0.0), Orientation: (0.0, 0.0, 0.9914420451404677, -0.13054758185308044)
Time: 69.7, Position: (3.9867598776596767, 6.317150887245157, 0.0), Orientation: (0.0, 0.0, 0.9916004022342266, -0.12933925269971205)
Time: 69.8, Position: (3.948535573785836, 6.307006739399334, 0.0), Orientation: (0.0, 0.0, 0.9925425344017618, -0.12189879984367218)
Time: 69.9, Position: (3.9101634158309997, 6.297437066675216, 0.0), Orientation: (0.0, 0.0, 0.9934288380847377, -0.11445149042982347)
Time: 70.0, Position: (3.872237863104902, 6.288580822212833, 0.0), Orientation: (0.0, 0.0, 0.9946693223580018, -0.10311614403125118)
Time: 70.1, Position: (3.834120213430018, 6.280591742239498, 0.0), Orientation: (0.0, 0.0, 0.995780470894097, -0.09176738955604227)
Time: 70.2, Position: (3.7964524498796264, 6.273589635601587, 0.0), Orientation: (0.0, 0.0, 0.996996110063004, -0.07745163987442916)
Time: 70.3, Position: (3.758599059804602, 6.2676726458191965, 0.0), Orientation: (0.0, 0.0, 0.998005950822733, -0.06311990274400506)
Time: 70.4, Position: (3.720591296147146, 6.262845658144066, 0.0), Orientation: (0.0, 0.0, 0.9988097847235017, -0.04877513649998555)
Time: 70.5, Position: (3.6824605393051164, 6.259112657888119, 0.0), Orientation: (0.0, 0.0, 0.9994074458391482, -0.034420302167035864)
Time: 70.6, Position: (3.6442382712233887, 6.256476727133066, 0.0), Orientation: (0.0, 0.0, 0.9997988108013809, -0.020058362848060757)
Time: 70.7, Position: (3.605956049401379, 6.254940042185742, 0.0), Orientation: (0.0, 0.0, 0.9999837988252442, -0.005692283112565275)
Time: 70.8, Position: (3.5676454808381854, 6.254503871781279, 0.0), Orientation: (0.0, 0.0, 0.9999623717257935, 0.008674971615287203)
Time: 70.9, Position: (3.529338195936862, 6.255168576035597, 0.0), Orientation: (0.0, 0.0, 0.9997345339259779, 0.023040435668792814)
Time: 71.0, Position: (3.4910658223893685, 6.256933606148086, 0.0), Orientation: (0.0, 0.0, 0.9993003324557269, 0.037401143750876324)
Time: 71.1, Position: (3.4528599590637596, 6.259797504854705, 0.0), Orientation: (0.0, 0.0, 0.9986598569422427, 0.051754131546182705)
Time: 71.2, Position: (3.414752149915172, 6.263757907631154, 0.0), Orientation: (0.0, 0.0, 0.9978132395914989, 0.06609643633296668)
Time: 71.3, Position: (3.376773857942148, 6.268811544645091, 0.0), Orientation: (0.0, 0.0, 0.9967606551609521, 0.08042509759465323)
Time: 71.4, Position: (3.3389043966943714, 6.274962696742906, 0.0), Orientation: (0.0, 0.0, 0.9955232850386856, 0.09451660671958141)
Time: 71.5, Position: (3.3012240935024635, 6.28218263571032, 0.0), Orientation: (0.0, 0.0, 0.9940867090005194, 0.10858920290948108)
Time: 71.6, Position: (3.263465563405458, 6.290531372276126, 0.0), Orientation: (0.0, 0.0, 0.9926173382386881, 0.12128816854063657)
Time: 71.7, Position: (3.2259328075621783, 6.299842668434045, 0.0), Orientation: (0.0, 0.0, 0.9909857511934177, 0.13396731292228545)
Time: 71.8, Position: (3.188588966409701, 6.310127345762301, 0.0), Orientation: (0.0, 0.0, 0.9892368689332189, 0.14632298911381456)
Time: 71.9, Position: (3.1515134118708676, 6.321340744685278, 0.0), Orientation: (0.0, 0.0, 0.9873339413987228, 0.15865587969584818)
Time: 72.0, Position: (3.114534864312057, 6.33354000451302, 0.0), Orientation: (0.0, 0.0, 0.9854542811015838, 0.16994075396608252)
Time: 72.1, Position: (3.0778451007200327, 6.346582096655977, 0.0), Orientation: (0.0, 0.0, 0.9834456430599726, 0.1812033861338056)
Time: 72.2, Position: (3.041430779947602, 6.360472609354328, 0.0), Orientation: (0.0, 0.0, 0.9813442354884083, 0.19225891780011503)
Time: 72.3, Position: (3.005338290276271, 6.375179114366239, 0.0), Orientation: (0.0, 0.0, 0.9791185498016062, 0.20329010166360686)
Time: 72.4, Position: (2.9694883820280342, 6.3907364870923855, 0.0), Orientation: (0.0, 0.0, 0.9768954889644383, 0.21371757915747358)
Time: 72.5, Position: (2.9339783400461834, 6.4070547187978875, 0.0), Orientation: (0.0, 0.0, 0.9745613802297035, 0.22412076245804466)
Time: 72.6, Position: (2.8993416116530635, 6.423875175384857, 0.0), Orientation: (0.0, 0.0, 0.9714370378306643, 0.23729745369637772)
Time: 72.7, Position: (2.865173100712002, 6.441627459002562, 0.0), Orientation: (0.0, 0.0, 0.9681345467917947, 0.25043062773599906)
Time: 72.8, Position: (2.8311215648212404, 6.460507189085209, 0.0), Orientation: (0.0, 0.0, 0.9652011648880076, 0.26150853006896974)
Time: 72.9, Position: (2.7975116486959544, 6.48016233707663, 0.0), Orientation: (0.0, 0.0, 0.9621410282795521, 0.27255208988588986)
Time: 73.0, Position: (2.7641931468828944, 6.5006859775206784, 0.0), Orientation: (0.0, 0.0, 0.9592665165071038, 0.28250265540048713)
Time: 73.1, Position: (2.7313069097287297, 6.521895357190614, 0.0), Orientation: (0.0, 0.0, 0.9562890979111397, 0.2924229149986348)
Time: 73.2, Position: (2.699023781345821, 6.543675633218943, 0.0), Orientation: (0.0, 0.0, 0.9528883251939237, 0.30332134726906235)
Time: 73.3, Position: (2.6672463456468156, 6.566187305357041, 0.0), Orientation: (0.0, 0.0, 0.9493633519823038, 0.3141802443071882)
Time: 73.4, Position: (2.636575145612408, 6.588984579884464, 0.0), Orientation: (0.0, 0.0, 0.9454661434194114, 0.3257203887502672)
Time: 73.5, Position: (2.6064683564591316, 6.612522198377198, 0.0), Orientation: (0.0, 0.0, 0.9414286625039137, 0.33721220828447507)
Time: 73.6, Position: (2.579508961271554, 6.634678114700389, 0.0), Orientation: (0.0, 0.0, 0.9365252789872655, 0.3506000596375085)
Time: 73.7, Position: (2.553192223923673, 6.65759367605862, 0.0), Orientation: (0.0, 0.0, 0.9314315207342937, 0.363916641804962)
Time: 73.8, Position: (2.5271410271275836, 6.681617755582851, 0.0), Orientation: (0.0, 0.0, 0.926141204878578, 0.37717697255539845)
Time: 73.9, Position: (2.501786330679304, 6.706375797094867, 0.0), Orientation: (0.0, 0.0, 0.9206621193906777, 0.39036042565693774)
Time: 74.0, Position: (2.476031243123921, 6.733003022171442, 0.0), Orientation: (0.0, 0.0, 0.9155463270690491, 0.4022125346012648)
Time: 74.1, Position: (2.4509721323294364, 6.760286251753985, 0.0), Orientation: (0.0, 0.0, 0.910277964612374, 0.41399761731337714)
Time: 74.2, Position: (2.426299014469166, 6.788581952361895, 0.0), Orientation: (0.0, 0.0, 0.9051009961774972, 0.4251966447639284)
Time: 74.3, Position: (2.4023315499386393, 6.817477800884083, 0.0), Orientation: (0.0, 0.0, 0.8997862539767585, 0.4363309491137114)
Time: 74.4, Position: (2.3782205359851125, 6.848051531140513, 0.0), Orientation: (0.0, 0.0, 0.8947313793731755, 0.44660470078692044)
Time: 74.5, Position: (2.3548159228168637, 6.879169340480258, 0.0), Orientation: (0.0, 0.0, 0.8895592039372444, 0.4568199018109171)
Time: 74.6, Position: (2.3325527179051364, 6.910225221147954, 0.0), Orientation: (0.0, 0.0, 0.8845355831333068, 0.466472723930372)
Time: 74.7, Position: (2.3109706236036196, 6.941758239121946, 0.0), Orientation: (0.0, 0.0, 0.8794072211620539, 0.476070309269581)
Time: 74.8, Position: (2.2900751392720493, 6.973760692278118, 0.0), Orientation: (0.0, 0.0, 0.8743294027104498, 0.4853329739014112)
Time: 74.9, Position: (2.2698603673799727, 7.006197419468375, 0.0), Orientation: (0.0, 0.0, 0.869154025538123, 0.49454148449940555)
Time: 75.0, Position: (2.2496335396540363, 7.0402349091293885, 0.0), Orientation: (0.0, 0.0, 0.8656174707268465, 0.500705896083177)
Time: 75.1, Position: (2.229892537890211, 7.074556449182816, 0.0), Orientation: (0.0, 0.0, 0.8620371960094154, 0.5068450184190674)
Time: 75.2, Position: (2.210491810527778, 7.109423861915405, 0.0), Orientation: (0.0, 0.0, 0.8602539483524093, 0.5098658101344806)
Time: 75.3, Position: (2.1913361794710795, 7.144426525980814, 0.0), Orientation: (0.0, 0.0, 0.8584601151374069, 0.5128803278721759)
Time: 75.4, Position: (2.172388024078287, 7.179634373924767, 0.0), Orientation: (0.0, 0.0, 0.8592109087553672, 0.5116215537638893)
Time: 75.5, Position: (2.1533367437053625, 7.214786526999452, 0.0), Orientation: (0.0, 0.0, 0.8599598566136076, 0.510361680588486)
Time: 75.6, Position: (2.1349311394476596, 7.2485109611427285, 0.0), Orientation: (0.0, 0.0, 0.8628218850499384, 0.5055080559979933)
Time: 75.7, Position: (2.116146663078041, 7.282025841030543, 0.0), Orientation: (0.0, 0.0, 0.8656565198591296, 0.5006383820936823)
Time: 75.8, Position: (2.096693746507301, 7.315834315414336, 0.0), Orientation: (0.0, 0.0, 0.8711503642089419, 0.4910163367329317)
Time: 75.9, Position: (2.0764964687668437, 7.349203445986507, 0.0), Orientation: (0.0, 0.0, 0.8765372608411284, 0.4813340112199966)
Time: 76.0, Position: (2.0557918983710706, 7.381759671232588, 0.0), Orientation: (0.0, 0.0, 0.8828115240143248, 0.46972738164546607)
Time: 76.1, Position: (2.034235539443338, 7.4137582716289465, 0.0), Orientation: (0.0, 0.0, 0.8889321071557452, 0.45803898182103087)
Time: 76.2, Position: (2.0126504539697274, 7.444043228688369, 0.0), Orientation: (0.0, 0.0, 0.8946540556241777, 0.4467595782467465)
Time: 76.3, Position: (1.9903062772806814, 7.473772545987676, 0.0), Orientation: (0.0, 0.0, 0.9002328901846794, 0.4354087084909293)
Time: 76.4, Position: (1.9676437773504354, 7.502388692336269, 0.0), Orientation: (0.0, 0.0, 0.9059088062262107, 0.423472826521138)
Time: 76.5, Position: (1.9442328547349075, 7.530395859940692, 0.0), Orientation: (0.0, 0.0, 0.9114264769386047, 0.4114629717669418)
Time: 76.6, Position: (1.919923855116773, 7.557962740518474, 0.0), Orientation: (0.0, 0.0, 0.9168615602328132, 0.39920530979365937)
Time: 76.7, Position: (1.8948844129762954, 7.584867883233535, 0.0), Orientation: (0.0, 0.0, 0.9221318006135173, 0.38687587453506633)
Time: 76.8, Position: (1.8694015088615954, 7.6108180340342155, 0.0), Orientation: (0.0, 0.0, 0.927257222848959, 0.3744249493215376)
Time: 76.9, Position: (1.8432291065054933, 7.636072619431869, 0.0), Orientation: (0.0, 0.0, 0.9322145375301922, 0.36190614255269277)
Time: 77.0, Position: (1.8163747073074166, 7.66062381920026, 0.0), Orientation: (0.0, 0.0, 0.9370717897963561, 0.3491367364913836)
Time: 77.1, Position: (1.788859573001596, 7.684432169636394, 0.0), Orientation: (0.0, 0.0, 0.9417541370219099, 0.3363021638379954)
Time: 77.2, Position: (1.760531210010953, 7.707621541665087, 0.0), Orientation: (0.0, 0.0, 0.9462512821326975, 0.3234323902490693)
Time: 77.3, Position: (1.7315811741324294, 7.730029989791785, 0.0), Orientation: (0.0, 0.0, 0.9505725613458339, 0.3105025050082863)
Time: 77.4, Position: (1.7016816717193106, 7.751896319347569, 0.0), Orientation: (0.0, 0.0, 0.9548113596540654, 0.2972124954902722)
Time: 77.5, Position: (1.671183825561273, 7.77292006764598, 0.0), Orientation: (0.0, 0.0, 0.9588643595354517, 0.283864650868452)
Time: 77.6, Position: (1.640526339954582, 7.792815574017813, 0.0), Orientation: (0.0, 0.0, 0.9627695323344847, 0.2703235609569348)
Time: 77.7, Position: (1.6093203281026114, 7.811839175722295, 0.0), Orientation: (0.0, 0.0, 0.9664834880416138, 0.2567287816800366)
Time: 77.8, Position: (1.577239812312236, 7.830176257707852, 0.0), Orientation: (0.0, 0.0, 0.9700622428770138, 0.2428564286660276)
Time: 77.9, Position: (1.54464711850622, 7.847586725237154, 0.0), Orientation: (0.0, 0.0, 0.9734418927626968, 0.2289342294515577)
Time: 78.0, Position: (1.5110543330500514, 7.864312539153805, 0.0), Orientation: (0.0, 0.0, 0.9766255372119528, 0.21494780777078107)
Time: 78.1, Position: (1.4769955961253063, 7.8800678723768645, 0.0), Orientation: (0.0, 0.0, 0.979608235504025, 0.2009171593784135)
Time: 78.2, Position: (1.4420668396875942, 7.895024788041367, 0.0), Orientation: (0.0, 0.0, 0.9823919780829924, 0.18683147860621743)
Time: 78.3, Position: (1.406723032970476, 7.908972643762697, 0.0), Orientation: (0.0, 0.0, 0.9849731950291708, 0.1727072814736746)
Time: 78.4, Position: (1.3706955700200585, 7.9220076666477235, 0.0), Orientation: (0.0, 0.0, 0.9873528049413097, 0.15853844509937634)
Time: 78.5, Position: (1.334308472685689, 7.934002209399993, 0.0), Orientation: (0.0, 0.0, 0.9895286070005358, 0.14433688346219523)
Time: 78.6, Position: (1.2997597661272826, 7.9443001573651095, 0.0), Orientation: (0.0, 0.0, 0.9914910715661387, 0.13017470954309876)
Time: 78.7, Position: (1.264930751481088, 7.953606101483052, 0.0), Orientation: (0.0, 0.0, 0.993250857076309, 0.11598592551330336)
Time: 78.8, Position: (1.2406432805102214, 7.95935681191085, 0.0), Orientation: (0.0, 0.0, 0.9947496144094573, 0.10233867613095204)
Time: 78.9, Position: (1.2162070773184679, 7.964438533091356, 0.0), Orientation: (0.0, 0.0, 0.9960608677179079, 0.08867213655398411)
Time: 79.0, Position: (1.1981022383183226, 7.96768777075149, 0.0), Orientation: (0.0, 0.0, 0.9971329029548638, 0.07567016482608048)
Time: 79.1, Position: (1.1799187912707585, 7.970463557858175, 0.0), Orientation: (0.0, 0.0, 0.9980352256448892, 0.06265531399614219)
Time: 79.2, Position: (1.1630265561964392, 7.972592893672877, 0.0), Orientation: (0.0, 0.0, 0.9987575684118576, 0.04983291623047474)
Time: 79.3, Position: (1.1460852058327335, 7.974287687073857, 0.0), Orientation: (0.0, 0.0, 0.9993151804365705, 0.037002299239702996)
Time: 79.4, Position: (1.1278433934977836, 7.975640444891143, 0.0), Orientation: (0.0, 0.0, 0.9996840022227418, 0.02513753567717656)
Time: 79.5, Position: (1.1095746088592078, 7.976559780958695, 0.0), Orientation: (0.0, 0.0, 0.9999119598918266, 0.013269230018586745)
Time: 79.6, Position: (1.1095746088592078, 7.976559780958695, 0.0), Orientation: (0.0, 0.0, 0.9999119598918266, 0.013269230018586745)
Time: 79.7, Position: (1.1095746088592078, 7.976559780958695, 0.0), Orientation: (0.0, 0.0, 0.9999119598918266, 0.013269230018586745)
Time: 79.8, Position: (1.1095746088592078, 7.976559780958695, 0.0), Orientation: (0.0, 0.0, 0.9999119598918266, 0.013269230018586745)
Time: 79.9, Position: (1.1095746088592078, 7.976559780958695, 0.0), Orientation: (0.0, 0.0, 0.9999119598918266, 0.013269230018586745)
Time: 80.0, Position: (1.1095746088592078, 7.976559780958695, 0.0), Orientation: (0.0, 0.0, 0.9999119598918266, 0.013269230018586745)
Time: 80.1, Position: (1.1095746088592078, 7.976559780958695, 0.0), Orientation: (0.0, 0.0, 0.9999119598918266, 0.013269230018586745)
Time: 80.2, Position: (1.1095746088592078, 7.976559780958695, 0.0), Orientation: (0.0, 0.0, 0.9999119598918266, 0.013269230018586745)
Time: 80.3, Position: (1.1095746088592078, 7.976559780958695, 0.0), Orientation: (0.0, 0.0, 0.9999119598918266, 0.013269230018586745)
Time: 80.4, Position: (1.1095746088592078, 7.976559780958695, 0.0), Orientation: (0.0, 0.0, 0.9999119598918266, 0.013269230018586745)
Time: 80.5, Position: (1.1095746088592078, 7.976559780958695, 0.0), Orientation: (0.0, 0.0, 0.9999119598918266, 0.013269230018586745)
Time: 80.6, Position: (1.1095746088592078, 7.976559780958695, 0.0), Orientation: (0.0, 0.0, 0.9999119598918266, 0.013269230018586745)
Time: 80.7, Position: (1.1095746088592078, 7.976559780958695, 0.0), Orientation: (0.0, 0.0, 0.9999119598918266, 0.013269230018586745)
Time: 80.8, Position: (1.1095746088592078, 7.976559780958695, 0.0), Orientation: (0.0, 0.0, 0.9999119598918266, 0.013269230018586745)
Time: 80.9, Position: (1.1095746088592078, 7.976559780958695, 0.0), Orientation: (0.0, 0.0, 0.9999119598918266, 0.013269230018586745)
Time: 81.1, Position: (1.1095746088592078, 7.976559780958695, 0.0), Orientation: (0.0, 0.0, 0.9999119598918266, 0.013269230018586745)
Time: 81.1, Position: (1.1095746088592078, 7.976559780958695, 0.0), Orientation: (0.0, 0.0, 0.9999119598918266, 0.013269230018586745)
Time: 81.2, Position: (1.1095746088592078, 7.976559780958695, 0.0), Orientation: (0.0, 0.0, 0.9999119598918266, 0.013269230018586745)
Time: 81.3, Position: (1.1095746088592078, 7.976559780958695, 0.0), Orientation: (0.0, 0.0, 0.9999119598918266, 0.013269230018586745)
Time: 81.4, Position: (1.1095746088592078, 7.976559780958695, 0.0), Orientation: (0.0, 0.0, 0.9999119598918266, 0.013269230018586745)
Time: 81.5, Position: (1.1095746088592078, 7.976559780958695, 0.0), Orientation: (0.0, 0.0, 0.9999119598918266, 0.013269230018586745)
Time: 81.6, Position: (1.1095746088592078, 7.976559780958695, 0.0), Orientation: (0.0, 0.0, 0.9999119598918266, 0.013269230018586745)
Time: 81.7, Position: (1.1095746088592078, 7.976559780958695, 0.0), Orientation: (0.0, 0.0, 0.9999119598918266, 0.013269230018586745)
Time: 81.8, Position: (1.1095746088592078, 7.976559780958695, 0.0), Orientation: (0.0, 0.0, 0.9999119598918266, 0.013269230018586745)
Time: 81.9, Position: (1.1095746088592078, 7.976559780958695, 0.0), Orientation: (0.0, 0.0, 0.9999119598918266, 0.013269230018586745)
Time: 82.0, Position: (1.1095746088592078, 7.976559780958695, 0.0), Orientation: (0.0, 0.0, 0.9999119598918266, 0.013269230018586745)
Time: 82.1, Position: (1.1095746088592078, 7.976559780958695, 0.0), Orientation: (0.0, 0.0, 0.9999119598918266, 0.013269230018586745)
Time: 82.2, Position: (1.1095746088592078, 7.976559780958695, 0.0), Orientation: (0.0, 0.0, 0.9999119598918266, 0.013269230018586745)
Time: 82.3, Position: (1.1095746088592078, 7.976559780958695, 0.0), Orientation: (0.0, 0.0, 0.9999119598918266, 0.013269230018586745)
Time: 82.4, Position: (1.1095746088592078, 7.976559780958695, 0.0), Orientation: (0.0, 0.0, 0.9999119598918266, 0.013269230018586745)
Time: 82.5, Position: (1.1095746088592078, 7.976559780958695, 0.0), Orientation: (0.0, 0.0, 0.9999119598918266, 0.013269230018586745)
Time: 82.6, Position: (1.1095746088592078, 7.976559780958695, 0.0), Orientation: (0.0, 0.0, 0.9999119598918266, 0.013269230018586745)
Time: 82.7, Position: (1.1095746088592078, 7.976559780958695, 0.0), Orientation: (0.0, 0.0, 0.9999119598918266, 0.013269230018586745)
Time: 82.8, Position: (1.1095746088592078, 7.976559780958695, 0.0), Orientation: (0.0, 0.0, 0.9999119598918266, 0.013269230018586745)
Time: 82.9, Position: (1.1095746088592078, 7.976559780958695, 0.0), Orientation: (0.0, 0.0, 0.9999119598918266, 0.013269230018586745)
Time: 83.0, Position: (1.1095746088592078, 7.976559780958695, 0.0), Orientation: (0.0, 0.0, 0.9999119598918266, 0.013269230018586745)
Time: 83.1, Position: (1.1095746088592078, 7.976559780958695, 0.0), Orientation: (0.0, 0.0, 0.9999119598918266, 0.013269230018586745)
Time: 83.2, Position: (1.1095746088592078, 7.976559780958695, 0.0), Orientation: (0.0, 0.0, 0.9999119598918266, 0.013269230018586745)
Time: 83.3, Position: (1.1095746088592078, 7.976559780958695, 0.0), Orientation: (0.0, 0.0, 0.9999119598918266, 0.013269230018586745)
Time: 83.4, Position: (1.1095746088592078, 7.976559780958695, 0.0), Orientation: (0.0, 0.0, 0.9999119598918266, 0.013269230018586745)
