Time: 0.0, Position: (2.038368317650911, 2.0208834036871215, 0.0), Orientation: (0.0, 0.0, 0.002843836289556229, 0.9999959562894033)
Time: 54.2, Position: (2.2305613140303078, 2.048282613103188, 0.0), Orientation: (0.0, 0.0, 0.1031191099789802, 0.9946690148773827)
Time: 55.6, Position: (2.465951470969564, 2.1186387196882013, 0.0), Orientation: (0.0, 0.0, 0.20831552901882683, 0.9780616751358814)
Time: 57.0, Position: (2.730530205950167, 2.2343269303262763, 0.0), Orientation: (0.0, 0.0, 0.30916555973152504, 0.9510082316551697)
Time: 58.5, Position: (2.954060058113709, 2.4427274573640854, 0.0), Orientation: (0.0, 0.0, 0.4028961874643344, 0.9152456840251714)
Time: 60.2, Position: (3.197814802978243, 2.7155535075768356, 0.0), Orientation: (0.0, 0.0, 0.3363564865671095, 0.9417347365071705)
Time: 61.7, Position: (3.4499210431619804, 2.8653413242969403, 0.0), Orientation: (0.0, 0.0, 0.2456753468629615, 0.9693521671424496)
Time: 63.0, Position: (3.695426727601793, 3.0015919999459215, 0.0), Orientation: (0.0, 0.0, 0.24283115937257438, 0.9700685687299488)
Time: 64.3, Position: (3.9528919036250234, 3.1542533593894184, 0.0), Orientation: (0.0, 0.0, 0.28555803548651365, 0.9583614184476976)
Time: 65.7, Position: (4.2152067592743, 3.337659879241246, 0.0), Orientation: (0.0, 0.0, 0.3118480402844404, 0.9501319907101087)
Time: 67.1, Position: (4.469754254525711, 3.52546129641217, 0.0), Orientation: (0.0, 0.0, 0.3085125810467447, 0.9512202622609949)
Time: 68.5, Position: (4.727982246782562, 3.7111717575213095, 0.0), Orientation: (0.0, 0.0, 0.313175284828094, 0.949695341134641)
Time: 69.9, Position: (4.982724182049283, 3.902046319450665, 0.0), Orientation: (0.0, 0.0, 0.2935661784626851, 0.9559387526734204)
Time: 71.3, Position: (5.247268448917778, 4.0592498513623845, 0.0), Orientation: (0.0, 0.0, 0.22893175082330153, 0.9734424756835803)
Time: 72.6, Position: (5.507147253656246, 4.152759593206651, 0.0), Orientation: (0.0, 0.0, 0.14588197246589596, 0.9893020014684392)
Time: 73.9, Position: (5.767578093042309, 4.2374868122038984, 0.0), Orientation: (0.0, 0.0, 0.16767211276948965, 0.9858428184043415)
Time: 75.2, Position: (6.01678390100067, 4.327606410947286, 0.0), Orientation: (0.0, 0.0, 0.18180967632342052, 0.9833337386641288)
Time: 76.7, Position: (6.281556808878919, 4.443000794320438, 0.0), Orientation: (0.0, 0.0, 0.2593207469522128, 0.9657912560176481)
Time: 78.4, Position: (6.528831793201305, 4.618516593323349, 0.0), Orientation: (0.0, 0.0, 0.33973625476097846, 0.9405207478843747)
Time: 80.2, Position: (6.75913723413257, 4.851734353690033, 0.0), Orientation: (0.0, 0.0, 0.4366485419316464, 0.8996321752966415)
Time: 82.0, Position: (6.9201616992713335, 5.104713604843158, 0.0), Orientation: (0.0, 0.0, 0.523716172904746, 0.8518928161676246)
Time: 83.7, Position: (7.01738940793984, 5.368249663318675, 0.0), Orientation: (0.0, 0.0, 0.6025921090069872, 0.7980493406817095)
Time: 85.1, Position: (7.061853720323325, 5.61653014955339, 0.0), Orientation: (0.0, 0.0, 0.6850729549452899, 0.7284744651684978)
Time: 86.3, Position: (7.0552645315400255, 5.8144868676093, 0.0), Orientation: (0.0, 0.0, 0.7568056968982376, 0.6536399139758625)
Time: 87.4, Position: (6.99545124938066, 6.007710040624171, 0.0), Orientation: (0.0, 0.0, 0.825415446896507, 0.5645257655985593)
Time: 88.6, Position: (6.9047801686292924, 6.177434588471987, 0.0), Orientation: (0.0, 0.0, 0.8796922247725866, 0.4755434677026455)
Time: 89.8, Position: (6.773793273999466, 6.337808939125764, 0.0), Orientation: (0.0, 0.0, 0.9237099436800137, 0.383092599702299)
Time: 91.1, Position: (6.577778842400988, 6.5025366693670605, 0.0), Orientation: (0.0, 0.0, 0.9582247293238465, 0.2860163773496914)
Time: 92.5, Position: (6.342874952341413, 6.631810590141704, 0.0), Orientation: (0.0, 0.0, 0.9821057041467345, 0.18833052297077815)
Time: 93.9, Position: (6.093223273245031, 6.708460681163694, 0.0), Orientation: (0.0, 0.0, 0.9953842962254614, 0.09596928064616798)
Time: 95.3, Position: (5.8270859707937, 6.7350969354521375, 0.0), Orientation: (0.0, 0.0, 0.9999989725163844, 0.0014335153210260456)
Time: 96.8, Position: (5.5695621965495805, 6.710022052553014, 0.0), Orientation: (0.0, 0.0, -0.9959924569166678, 0.08943727279551596)
Time: 98.1, Position: (5.318218994442751, 6.648475593828991, 0.0), Orientation: (0.0, 0.0, -0.9908714295729226, 0.1348102742972975)
Time: 99.4, Position: (5.042185991374141, 6.570300357989046, 0.0), Orientation: (0.0, 0.0, -0.9898972656785484, 0.1417864711533977)
Time: 100.7, Position: (4.7904843205434435, 6.499911805375132, 0.0), Orientation: (0.0, 0.0, -0.988702673719047, 0.14989003629597158)
Time: 102.1, Position: (4.537684876846912, 6.427502159346948, 0.0), Orientation: (0.0, 0.0, -0.9933211309348857, 0.11538254130603849)
Time: 103.5, Position: (4.283833773743542, 6.349835020526245, 0.0), Orientation: (0.0, 0.0, -0.9927965774156655, 0.11981216913043741)
Time: 104.9, Position: (4.022221882144434, 6.280847254908579, 0.0), Orientation: (0.0, 0.0, -0.9892158258798627, 0.14646518299179895)
Time: 106.2, Position: (3.7577903921062146, 6.213652211227844, 0.0), Orientation: (0.0, 0.0, -0.996608894395835, 0.08228433393490747)
Time: 107.0, Position: (3.4904861180124187, 6.200297759438712, 0.0), Orientation: (0.0, 0.0, 0.9999874865438136, 0.005002674863114606)
Time: 108.1, Position: (3.227693844898871, 6.235278141965682, 0.0), Orientation: (0.0, 0.0, 0.9949647410317378, 0.10022556611786705)
Time: 109.4, Position: (2.9742316452620883, 6.312093506309205, 0.0), Orientation: (0.0, 0.0, 0.9823216424857942, 0.18720093670708882)
Time: 110.7, Position: (2.7182152194761198, 6.414178092304521, 0.0), Orientation: (0.0, 0.0, 0.9826786539441527, 0.185317735477499)
Time: 112.0, Position: (2.440833886035553, 6.524136175620022, 0.0), Orientation: (0.0, 0.0, 0.9822304189749226, 0.18767899200589283)
Time: 113.3, Position: (2.165257997247055, 6.636729566350319, 0.0), Orientation: (0.0, 0.0, 0.9818578346135072, 0.1896185450004158)
Time: 114.6, Position: (1.893347961628538, 6.745409585285721, 0.0), Orientation: (0.0, 0.0, 0.982902366840769, 0.18412750272247308)
Time: 115.9, Position: (1.633856091620716, 6.849814671643148, 0.0), Orientation: (0.0, 0.0, 0.9836855928236917, 0.17989623250947237)
Time: 117.2, Position: (1.382612583237012, 6.941964700396574, 0.0), Orientation: (0.0, 0.0, 0.9934647459643262, 0.11413938201180537)
Time: 118.5, Position: (1.1133708051115492, 6.987864320518215, 0.0), Orientation: (0.0, 0.0, 0.9988125760051058, 0.04871794345048626)
Time: 131.1, Position: (1.3774999221325706, 6.937346029829893, 0.0), Orientation: (0.0, 0.0, 0.9900265343098175, 0.1408810184605854)
Time: 132.9, Position: (1.617886820869173, 6.839957764488006, 0.0), Orientation: (0.0, 0.0, 0.9704599141401365, 0.24126241946709973)
Time: 134.7, Position: (1.8259000843059499, 6.707251060605147, 0.0), Orientation: (0.0, 0.0, 0.939966122055994, 0.34126776787006463)
Time: 136.4, Position: (1.9813060298219174, 6.543878677678643, 0.0), Orientation: (0.0, 0.0, 0.8984064431208284, 0.4391649609873058)
Time: 138.4, Position: (2.0315539329823444, 6.46939253458147, 0.0), Orientation: (0.0, 0.0, 0.8461949446837131, 0.5328734517610421)
Time: 140.4, Position: (2.0596484817802567, 6.3747293883351, 0.0), Orientation: (0.0, 0.0, 0.7867367979662065, 0.6172885959791257)
Time: 142.6, Position: (2.0776073365383736, 6.2800787141116015, 0.0), Orientation: (0.0, 0.0, 0.7215056944938174, 0.6924085014014445)
Time: 145.1, Position: (2.0738684700545784, 6.180076758452891, 0.0), Orientation: (0.0, 0.0, 0.6465764650402185, 0.7628491822477724)
Time: 146.9, Position: (2.067833400909478, 6.145489972380291, 0.0), Orientation: (0.0, 0.0, 0.5658514717981988, 0.8245071933366089)
Time: 148.4, Position: (2.1109472749513993, 6.230266825638187, 0.0), Orientation: (0.0, 0.0, 0.4768250703311082, 0.8789982094997314)
Time: 150.1, Position: (2.0892269696134784, 6.217736875258793, 0.0), Orientation: (0.0, 0.0, 0.3856716223307884, 0.9226361144724055)
Time: 151.8, Position: (2.1513377744555777, 6.265070960166255, 0.0), Orientation: (0.0, 0.0, 0.2897591640189942, 0.9570995908822726)
Time: 153.5, Position: (2.2382607619744728, 6.309392786396399, 0.0), Orientation: (0.0, 0.0, 0.19361062379912644, 0.9810784506613695)
Time: 155.3, Position: (2.3396114062742788, 6.3396431183106365, 0.0), Orientation: (0.0, 0.0, 0.09006381428461739, 0.9959359966165025)
Time: 156.9, Position: (2.540189067254909, 6.35974464498759, 0.0), Orientation: (0.0, 0.0, -0.008381780035124884, 0.9999648722647425)
Time: 158.7, Position: (2.7974175609247975, 6.3307390557514465, 0.0), Orientation: (0.0, 0.0, -0.1090258535469736, 0.9940389143581623)
Time: 160.5, Position: (3.0582442525994895, 6.263811181090744, 0.0), Orientation: (0.0, 0.0, -0.1325072103242408, 0.9911820414091891)
Time: 162.3, Position: (3.3219748999576537, 6.208555829115501, 0.0), Orientation: (0.0, 0.0, -0.08150148291949502, 0.9966732204097406)
Time: 163.6, Position: (3.585713842485282, 6.180661252763382, 0.0), Orientation: (0.0, 0.0, -0.02949399225285673, 0.9995649575795404)
Time: 164.8, Position: (3.852387118887867, 6.189644604545873, 0.0), Orientation: (0.0, 0.0, 0.0560452977551746, 0.9984282270646868)
Time: 166.1, Position: (4.115457726384324, 6.238591371347742, 0.0), Orientation: (0.0, 0.0, 0.14522116879132807, 0.9893992177755553)
Time: 167.4, Position: (4.384877105399104, 6.31545159695612, 0.0), Orientation: (0.0, 0.0, 0.12317625531396716, 0.9923848095002403)
Time: 168.6, Position: (4.636870739718818, 6.397234928635547, 0.0), Orientation: (0.0, 0.0, 0.18802301223134935, 0.9821646231011631)
Time: 169.9, Position: (4.889069562951978, 6.490927281396829, 0.0), Orientation: (0.0, 0.0, 0.1271674656616281, 0.9918812608761185)
Time: 171.2, Position: (5.1493706184929176, 6.539668282408366, 0.0), Orientation: (0.0, 0.0, 0.04077030337400725, 0.9991685455231222)
Time: 172.4, Position: (5.4099272063997415, 6.5471333805433245, 0.0), Orientation: (0.0, 0.0, -0.010670519904497858, 0.9999430683818793)
Time: 173.6, Position: (5.6770803276896755, 6.5394009675109, 0.0), Orientation: (0.0, 0.0, -0.02413659739274032, 0.9997086698965358)
Time: 174.8, Position: (5.9373187714696565, 6.515502858762582, 0.0), Orientation: (0.0, 0.0, -0.08587135578958953, 0.9963062331707344)
Time: 176.0, Position: (6.200973540689213, 6.4576098173701375, 0.0), Orientation: (0.0, 0.0, -0.1469548546054223, 0.9891432003041315)
Time: 177.3, Position: (6.468674759897219, 6.362137682454139, 0.0), Orientation: (0.0, 0.0, -0.22260150084773836, 0.9749095198121385)
Time: 178.7, Position: (6.736265535165927, 6.2066895021612565, 0.0), Orientation: (0.0, 0.0, -0.3044644760086395, 0.9525236914895002)
Time: 180.1, Position: (6.972898744297208, 6.002503661515704, 0.0), Orientation: (0.0, 0.0, -0.40043170293203506, 0.9163266073223839)
Time: 181.5, Position: (7.150625324101667, 5.764663734062641, 0.0), Orientation: (0.0, 0.0, -0.494319270512305, 0.869280425869686)
Time: 182.9, Position: (7.279102217288459, 5.499425982096035, 0.0), Orientation: (0.0, 0.0, -0.5782856143176224, 0.815834387773211)
Time: 184.1, Position: (7.3492660217802195, 5.241486206710164, 0.0), Orientation: (0.0, 0.0, -0.6141388755165477, 0.7891979736284619)
Time: 185.4, Position: (7.416269300227459, 4.972217622056723, 0.0), Orientation: (0.0, 0.0, -0.627188305034919, 0.778867658866014)
Time: 186.7, Position: (7.461839743170951, 4.713035873922187, 0.0), Orientation: (0.0, 0.0, -0.6681672337125619, 0.7440111207454514)
Time: 187.9, Position: (7.485567094631395, 4.45357290028252, 0.0), Orientation: (0.0, 0.0, -0.6955959848132118, 0.7184331742839677)
Time: 189.2, Position: (7.491588730580974, 4.184934324048859, 0.0), Orientation: (0.0, 0.0, -0.7041765404277853, 0.7100249290772511)
Time: 190.5, Position: (7.504279303171421, 3.916680216396024, 0.0), Orientation: (0.0, 0.0, -0.6634859666866394, 0.7481887275346345)
Time: 191.8, Position: (7.551595860614962, 3.6584144517544686, 0.0), Orientation: (0.0, 0.0, -0.5998196985684559, 0.800135194332337)
Time: 193.4, Position: (7.652762396205625, 3.3970548211530165, 0.0), Orientation: (0.0, 0.0, -0.53747324773087, 0.8432808001926942)
Time: 195.1, Position: (7.797614186293411, 3.1496076079820554, 0.0), Orientation: (0.0, 0.0, -0.4607923199062804, 0.8875079931557733)
Time: 196.9, Position: (7.992780027541204, 2.929728983265555, 0.0), Orientation: (0.0, 0.0, -0.36551652198004836, 0.9308048518135307)
Time: 198.5, Position: (8.198564763970584, 2.7759500295594073, 0.0), Orientation: (0.0, 0.0, -0.2638729051876519, 0.964557458064489)
Time: 199.9, Position: (8.353447845102458, 2.699854207138531, 0.0), Orientation: (0.0, 0.0, -0.16313545369094393, 0.9866036811957727)
Time: 201.3, Position: (8.510276447361026, 2.6638330763048597, 0.0), Orientation: (0.0, 0.0, -0.05897483283360185, 0.9982594698234767)
Time: 202.6, Position: (8.644976427534806, 2.6614307597195985, 0.0), Orientation: (0.0, 0.0, 0.04440708091803427, 0.9990135190097975)
Time: 203.9, Position: (8.742385817827849, 2.6792723001425993, 0.0), Orientation: (0.0, 0.0, 0.14769118619238789, 0.9890335249732869)
Time: 205.3, Position: (8.834342520433502, 2.712881170666741, 0.0), Orientation: (0.0, 0.0, 0.24706604565916696, 0.9689986424563981)
Time: 206.8, Position: (8.916256564856962, 2.770575648099871, 0.0), Orientation: (0.0, 0.0, 0.3463143370406548, 0.9381185319351131)
Time: 208.4, Position: (8.992354899182262, 2.8455709322843603, 0.0), Orientation: (0.0, 0.0, 0.4446015557086965, 0.8957284502913854)
Time: 209.7, Position: (9.088230682818201, 3.0123822719277955, 0.0), Orientation: (0.0, 0.0, 0.5382569590627843, 0.8427807817104541)
Time: 211.1, Position: (9.168260623045457, 3.256604486943081, 0.0), Orientation: (0.0, 0.0, 0.6245275137750587, 0.7810028069974806)
Time: 212.4, Position: (9.205984211139231, 3.5167183441569527, 0.0), Orientation: (0.0, 0.0, 0.6949754112659111, 0.7190335025127672)
Time: 213.7, Position: (9.1911753573798, 3.787931797912643, 0.0), Orientation: (0.0, 0.0, 0.7525413515164551, 0.6585449978989949)
Time: 214.9, Position: (9.163183893947501, 4.054269764896386, 0.0), Orientation: (0.0, 0.0, 0.7412315835879453, 0.6712493869581609)
Time: 216.1, Position: (9.138386022016245, 4.319761302305635, 0.0), Orientation: (0.0, 0.0, 0.7392874652251678, 0.6733899641076829)
Time: 217.3, Position: (9.118087198828734, 4.585879916517264, 0.0), Orientation: (0.0, 0.0, 0.7220275256523196, 0.6918643307761926)
Time: 218.5, Position: (9.103578004684007, 4.857786030852724, 0.0), Orientation: (0.0, 0.0, 0.7111031888402606, 0.703087657992382)
Time: 219.7, Position: (9.104077614002597, 5.121313686023646, 0.0), Orientation: (0.0, 0.0, 0.7082911254590942, 0.7059204499062834)
Time: 220.9, Position: (9.102817077871768, 5.383438980379964, 0.0), Orientation: (0.0, 0.0, 0.7224082653017294, 0.6914667730439013)
Time: 222.1, Position: (9.10103360092028, 5.654072265882353, 0.0), Orientation: (0.0, 0.0, 0.7061500376744508, 0.7080622319347162)
Time: 223.3, Position: (9.102039511601909, 5.925618890794141, 0.0), Orientation: (0.0, 0.0, 0.7129477992101598, 0.7012171101744378)
Time: 224.5, Position: (9.104087555771953, 6.19205755851503, 0.0), Orientation: (0.0, 0.0, 0.7029567296062591, 0.7112326175740766)
Time: 225.7, Position: (9.111464248582164, 6.451031439427439, 0.0), Orientation: (0.0, 0.0, 0.7023386200311257, 0.7118430043294477)
Time: 226.9, Position: (9.122191671627345, 6.709605482083219, 0.0), Orientation: (0.0, 0.0, 0.7025931973948512, 0.7115917361623024)
Time: 228.1, Position: (9.126729715411315, 6.963791334753786, 0.0), Orientation: (0.0, 0.0, 0.7025914714479187, 0.7115934402793835)
Time: 229.3, Position: (9.145910882762616, 7.224226994661713, 0.0), Orientation: (0.0, 0.0, 0.69080366569741, 0.7230423884247873)
Time: 230.5, Position: (9.162033939012256, 7.48844043328999, 0.0), Orientation: (0.0, 0.0, 0.6934820992592242, 0.7204738565742823)
Time: 231.7, Position: (9.153923601476917, 7.74079391624684, 0.0), Orientation: (0.0, 0.0, 0.7263518106933865, 0.6873231024070403)
Time: 233.0, Position: (9.14018382799923, 8.001646260975251, 0.0), Orientation: (0.0, 0.0, 0.746685164320854, 0.6651776194244207)
Time: 234.4, Position: (9.083245324713891, 8.26501037075601, 0.0), Orientation: (0.0, 0.0, 0.8097637212232742, 0.5867560956569905)
Time: 235.6, Position: (8.983694992471188, 8.485951575889658, 0.0), Orientation: (0.0, 0.0, 0.8666875807897647, 0.49885131783406667)
Time: 236.9, Position: (8.850054080132683, 8.681760197884822, 0.0), Orientation: (0.0, 0.0, 0.9121030964708481, 0.40996090229226834)
Time: 238.2, Position: (8.6667518627559, 8.859167644692512, 0.0), Orientation: (0.0, 0.0, 0.9504850645353311, 0.31077024004120374)
Time: 239.5, Position: (8.442700037680298, 8.994485750675926, 0.0), Orientation: (0.0, 0.0, 0.9768303103933259, 0.21401529080156526)
Time: 240.8, Position: (8.185306892591857, 9.081613744252264, 0.0), Orientation: (0.0, 0.0, 0.9934339080419278, 0.1144074750728406)
Time: 242.1, Position: (7.907864348218977, 9.114009323400158, 0.0), Orientation: (0.0, 0.0, 0.9998229945831565, 0.01881434300658441)
Time: 243.3, Position: (7.636752980631674, 9.105304680699126, 0.0), Orientation: (0.0, 0.0, -0.9997847763419078, 0.020746107947311482)
Time: 244.5, Position: (7.373644370265642, 9.095384333366551, 0.0), Orientation: (0.0, 0.0, -0.9997080859336173, 0.024160772316782125)
Time: 245.7, Position: (7.1118759083459215, 9.084161077135587, 0.0), Orientation: (0.0, 0.0, -0.9999994821531404, 0.0010176902529553313)
Time: 246.9, Position: (6.850431138092654, 9.075555362844065, 0.0), Orientation: (0.0, 0.0, -0.9996326674365187, 0.027102217506144183)
Time: 248.1, Position: (6.586991703347345, 9.068601678515298, 0.0), Orientation: (0.0, 0.0, -0.9998062535751027, 0.019683884578952537)
Time: 249.3, Position: (6.325366069540032, 9.063432070211576, 0.0), Orientation: (0.0, 0.0, -0.9996249091995956, 0.02738687473408121)
Time: 250.5, Position: (6.059463175814959, 9.050821516366943, 0.0), Orientation: (0.0, 0.0, -0.9998926902527359, 0.014649504399345011)
Time: 251.7, Position: (5.785758405718228, 9.050571232377832, 0.0), Orientation: (0.0, 0.0, -0.9999579911211922, 0.009166023830954126)
Time: 252.9, Position: (5.524662817943989, 9.05007663743985, 0.0), Orientation: (0.0, 0.0, -0.9991412494165962, 0.04143384744678036)
Time: 254.1, Position: (5.25750635421449, 9.043839464611418, 0.0), Orientation: (0.0, 0.0, -0.9999877942855625, 0.004940777256215217)
Time: 255.3, Position: (4.990327599530355, 9.044708755069195, 0.0), Orientation: (0.0, 0.0, -0.9999584103816903, 0.009120170334097203)
Time: 256.5, Position: (4.729360828101739, 9.039996182079694, 0.0), Orientation: (0.0, 0.0, -0.9999008985068508, 0.014078109432465548)
Time: 257.7, Position: (4.471461089211396, 9.039808341068367, 0.0), Orientation: (0.0, 0.0, -0.9999840729283149, 0.005643925025952696)
Time: 258.9, Position: (4.2164560852543795, 9.043542269130512, 0.0), Orientation: (0.0, 0.0, -0.9999890838975487, 0.004672481753991294)
Time: 260.1, Position: (3.9589919648582437, 9.048722459210481, 0.0), Orientation: (0.0, 0.0, -0.9999615199677, 0.008772604167922205)
Time: 261.3, Position: (3.6918089076636003, 9.053239449093818, 0.0), Orientation: (0.0, 0.0, 0.9999664322746212, 0.008193553805602756)
Time: 262.5, Position: (3.4268707207278992, 9.05361751570045, 0.0), Orientation: (0.0, 0.0, 0.9999973785186552, 0.0022897501648503384)
Time: 263.6, Position: (3.1762116563499325, 9.050995568077127, 0.0), Orientation: (0.0, 0.0, -0.9999961234498972, 0.0027844362405910574)
Time: 264.7, Position: (2.920025056230157, 9.056507308082404, 0.0), Orientation: (0.0, 0.0, -0.999998554825982, 0.001700101746228102)
Time: 265.8, Position: (2.6663359694924926, 9.060404215346647, 0.0), Orientation: (0.0, 0.0, 0.9999998729655672, 0.0005040524272902178)
Time: 267.0, Position: (2.4057015952163283, 9.05604953773524, 0.0), Orientation: (0.0, 0.0, -0.9999922639196918, 0.003933459135363824)
Time: 268.2, Position: (2.1407237562579073, 9.053494741914536, 0.0), Orientation: (0.0, 0.0, -0.9999894683165576, 0.004589472297384413)
Time: 269.4, Position: (1.8807242283422834, 9.057738531267209, 0.0), Orientation: (0.0, 0.0, -0.999999005690118, 0.001410183950905589)
Time: 270.6, Position: (1.6150515072972969, 9.05565024227226, 0.0), Orientation: (0.0, 0.0, -0.9999248871829163, 0.012256426568628026)
Time: 271.8, Position: (1.3536096431782199, 9.04688494201444, 0.0), Orientation: (0.0, 0.0, -0.9998025915352103, 0.01986902009353747)
