Time: 0.0, Position: (2.038368317650911, 2.0208834036871215, 0.0), Orientation: (0.0, 0.0, 0.002843836289556229, 0.9999959562894033)
Time: 26.8, Position: (2.196141291072485, 2.0385868524505555, 0.0), Orientation: (0.0, 0.0, 0.10964547848557493, 0.9939707586481955)
Time: 27.6, Position: (2.4631620019874028, 2.135496332693259, 0.0), Orientation: (0.0, 0.0, 0.22223425472303246, 0.9749933005040077)
Time: 28.4, Position: (2.720734544401259, 2.2646610274390566, 0.0), Orientation: (0.0, 0.0, 0.3179948142648061, 0.9480924522960256)
Time: 29.3, Position: (3.0121729632855425, 2.492196233585124, 0.0), Orientation: (0.0, 0.0, 0.383118846118678, 0.9236990579992451)
Time: 30.2, Position: (3.2552495981143172, 2.7341437975324796, 0.0), Orientation: (0.0, 0.0, 0.322062954204399, 0.9467182545663388)
Time: 31.0, Position: (3.50065904715851, 2.917779668445225, 0.0), Orientation: (0.0, 0.0, 0.2637094697478506, 0.9646021540331058)
Time: 31.8, Position: (3.776440934754243, 3.070520162779878, 0.0), Orientation: (0.0, 0.0, 0.24229971237425094, 0.9702014478361467)
Time: 32.6, Position: (4.038831664651775, 3.2429034860500936, 0.0), Orientation: (0.0, 0.0, 0.2879925431872191, 0.9576326514214925)
Time: 33.4, Position: (4.294057055241055, 3.4180401431466123, 0.0), Orientation: (0.0, 0.0, 0.30487583311005534, 0.9523921074775082)
Time: 34.2, Position: (4.549876582327283, 3.6027856501178843, 0.0), Orientation: (0.0, 0.0, 0.3026701409478513, 0.953095370767589)
Time: 35.0, Position: (4.815533205594465, 3.7843060979403917, 0.0), Orientation: (0.0, 0.0, 0.3137258874057815, 0.9495135952536198)
Time: 35.8, Position: (5.079530440508175, 3.970497143410348, 0.0), Orientation: (0.0, 0.0, 0.2842625491571717, 0.9587464749070354)
Time: 36.6, Position: (5.362908158558704, 4.116484798037358, 0.0), Orientation: (0.0, 0.0, 0.20748426708322598, 0.978238354856799)
Time: 37.3, Position: (5.629422748027906, 4.20556912000107, 0.0), Orientation: (0.0, 0.0, 0.1430921530235659, 0.9897093693317652)
Time: 38.0, Position: (5.892847835432357, 4.291038359134302, 0.0), Orientation: (0.0, 0.0, 0.15851784851120093, 0.9873561118985287)
Time: 38.7, Position: (6.146630146214434, 4.394270466899402, 0.0), Orientation: (0.0, 0.0, 0.2100559037078897, 0.9776893767027756)
Time: 39.5, Position: (6.424402336952431, 4.54461279883587, 0.0), Orientation: (0.0, 0.0, 0.29314599666130936, 0.9560676883157634)
Time: 40.4, Position: (6.696456372194341, 4.7652426761131865, 0.0), Orientation: (0.0, 0.0, 0.385481179939331, 0.922715698312639)
Time: 41.3, Position: (6.91040922241748, 5.040060676042872, 0.0), Orientation: (0.0, 0.0, 0.489424567632207, 0.8720456367633675)
Time: 42.1, Position: (7.031994170539448, 5.300479059343631, 0.0), Orientation: (0.0, 0.0, 0.5866898853183641, 0.8098116932133821)
Time: 42.9, Position: (7.0845556333713215, 5.562713025163893, 0.0), Orientation: (0.0, 0.0, 0.6748596793223597, 0.737946077450732)
Time: 43.7, Position: (7.075210027559169, 5.824410894940529, 0.0), Orientation: (0.0, 0.0, 0.7558002622975954, 0.6548022323655334)
Time: 44.5, Position: (7.0263430130745315, 6.002066140509494, 0.0), Orientation: (0.0, 0.0, 0.8220173494127099, 0.5694624458772526)
Time: 45.3, Position: (6.914277023190397, 6.215903587171116, 0.0), Orientation: (0.0, 0.0, 0.8808972818125745, 0.4733074887377313)
Time: 46.1, Position: (6.733715901036055, 6.426210283875118, 0.0), Orientation: (0.0, 0.0, 0.9302024167873326, 0.3670469504069002)
Time: 46.8, Position: (6.52998412740797, 6.586981778850805, 0.0), Orientation: (0.0, 0.0, 0.9629781344349563, 0.26957951072025355)
Time: 47.6, Position: (6.2509714516799235, 6.719851325757361, 0.0), Orientation: (0.0, 0.0, 0.9865369787345247, 0.1635383428721106)
Time: 48.3, Position: (5.990437445542201, 6.784950717144035, 0.0), Orientation: (0.0, 0.0, 0.9968733987369152, 0.07901535857484554)
Time: 49.0, Position: (5.7163270533005885, 6.806604978305012, 0.0), Orientation: (0.0, 0.0, -0.999996523861229, 0.002636714898981262)
Time: 49.7, Position: (5.452142353617968, 6.785701490557805, 0.0), Orientation: (0.0, 0.0, -0.9965285088088748, 0.08325221397152378)
Time: 50.4, Position: (5.188521127612876, 6.721116200203173, 0.0), Orientation: (0.0, 0.0, -0.9880699893674745, 0.1540055067566058)
Time: 51.1, Position: (4.923796748149774, 6.623526575628597, 0.0), Orientation: (0.0, 0.0, -0.9768210795402013, 0.21405741885278312)
Time: 51.8, Position: (4.669873317729167, 6.510356302894683, 0.0), Orientation: (0.0, 0.0, -0.9733594009165264, 0.2292847065275416)
Time: 52.5, Position: (4.409020470782519, 6.394658506705519, 0.0), Orientation: (0.0, 0.0, -0.9823443299144037, 0.18708184702162112)
Time: 53.2, Position: (4.150105970537418, 6.3153814597510065, 0.0), Orientation: (0.0, 0.0, -0.9906062234019014, 0.13674542097424014)
Time: 53.9, Position: (3.88359048576703, 6.236732256918165, 0.0), Orientation: (0.0, 0.0, -0.993894218417093, 0.1103371315427209)
Time: 54.6, Position: (3.6167302364616547, 6.202892862932366, 0.0), Orientation: (0.0, 0.0, -0.9999178342749471, 0.012818919568337197)
Time: 55.3, Position: (3.346633383080604, 6.229340521417437, 0.0), Orientation: (0.0, 0.0, 0.9959785562213338, 0.08959193907527276)
Time: 56.0, Position: (3.076327843538247, 6.309023494981739, 0.0), Orientation: (0.0, 0.0, 0.9841576837817656, 0.1772953847490401)
Time: 56.8, Position: (2.7888638674221147, 6.449777040570917, 0.0), Orientation: (0.0, 0.0, 0.964011803135402, 0.2658594429687063)
Time: 57.6, Position: (2.529531399097168, 6.64144723887061, 0.0), Orientation: (0.0, 0.0, 0.9371693324270958, 0.3488748233366111)
Time: 58.5, Position: (2.2958725469918018, 6.897747771238335, 0.0), Orientation: (0.0, 0.0, 0.8923270318703618, 0.45138948613523366)
Time: 59.3, Position: (2.1250783456573847, 7.165372241945131, 0.0), Orientation: (0.0, 0.0, 0.8657920471575052, 0.500403967888761)
Time: 60.1, Position: (1.9547436626725843, 7.431141345518749, 0.0), Orientation: (0.0, 0.0, 0.8949680490783957, 0.4461302400967797)
Time: 61.0, Position: (1.7236298643714458, 7.6911191140946675, 0.0), Orientation: (0.0, 0.0, 0.9366737468032549, 0.3502032153615269)
Time: 61.8, Position: (1.4756082494535403, 7.865029395424423, 0.0), Orientation: (0.0, 0.0, 0.9695952676227357, 0.24471415366421986)
Time: 62.6, Position: (1.241240392484097, 7.9648456587777865, 0.0), Orientation: (0.0, 0.0, 0.9908929363105262, 0.13465210273108755)
Time: 63.4, Position: (1.0796912527966425, 7.992302866742329, 0.0), Orientation: (0.0, 0.0, 0.9995784555410865, 0.029032933336062276)
