Time: 25.6, Position: (2.031716725726274, 2.0284206337689934, 0.0), Orientation: (0.0, 0.0, 0.00423795149832863, 0.9999910198432272)
Time: 35.5, Position: (1.7761905897327421, 2.0679876449261343, 0.0), Orientation: (0.0, 0.0, -0.05119828035384595, 0.9986885080388224)
Time: 37.1, Position: (1.6963730449973322, 2.044547509094643, 0.0), Orientation: (0.0, 0.0, -0.1533125431991753, 0.9881777492424129)
Time: 38.7, Position: (1.9182625551134829, 1.9297379970802235, 0.0), Orientation: (0.0, 0.0, -0.25493714733188866, 0.9669576262227207)
Time: 40.7, Position: (2.163597736376806, 1.7635783852963762, 0.0), Orientation: (0.0, 0.0, -0.33503425934686865, 0.9422059462049128)
Time: 43.2, Position: (2.4155412815225064, 1.508711038715086, 0.0), Orientation: (0.0, 0.0, -0.4011322806572217, 0.9160201381054545)
Time: 45.2, Position: (2.6282483051632357, 1.2435528182300575, 0.0), Orientation: (0.0, 0.0, -0.4178667798764834, 0.9085083127168725)
Time: 47.8, Position: (2.534792500971119, 1.378769685486568, 0.0), Orientation: (0.0, 0.0, -0.5103719056040443, 0.8599537882759146)
Time: 49.4, Position: (2.4384729829968728, 1.5813441131152293, 0.0), Orientation: (0.0, 0.0, -0.5956143861448809, 0.8032705042619558)
Time: 51.0, Position: (2.3956089830652907, 1.8099633831335238, 0.0), Orientation: (0.0, 0.0, -0.6748957578518001, 0.7379130816252307)
Time: 52.5, Position: (2.390692686107402, 2.031244961546594, 0.0), Orientation: (0.0, 0.0, -0.7453653295823925, 0.6666562273439972)
Time: 53.9, Position: (2.43055943046137, 2.2390889479576614, 0.0), Orientation: (0.0, 0.0, -0.8102771315315926, 0.5860469009532719)
Time: 55.2, Position: (2.512775718875336, 2.427043030590208, 0.0), Orientation: (0.0, 0.0, -0.866561991004253, 0.49906944982311313)
Time: 56.7, Position: (2.654757478613971, 2.620013235073856, 0.0), Orientation: (0.0, 0.0, -0.9150279353349116, 0.4033904777715123)
Time: 58.3, Position: (2.8519385410546385, 2.803889287676457, 0.0), Orientation: (0.0, 0.0, -0.9522939709540581, 0.3051822289789359)
Time: 59.9, Position: (3.0757274900816842, 2.927806757787219, 0.0), Orientation: (0.0, 0.0, -0.9792679848779822, 0.20256903463514855)
Time: 61.6, Position: (3.311974108101386, 3.0108090846161075, 0.0), Orientation: (0.0, 0.0, -0.9945142633318356, 0.10460105176113864)
Time: 63.2, Position: (3.568361706175108, 3.0425183296573, 0.0), Orientation: (0.0, 0.0, -0.9999486670341121, 0.010132289805490103)
Time: 64.6, Position: (3.82478028109057, 3.0541375753679314, 0.0), Orientation: (0.0, 0.0, -0.9983320637490867, 0.05773292379993839)
Time: 66.1, Position: (4.091704030176711, 3.09427404036406, 0.0), Orientation: (0.0, 0.0, -0.9960055921229488, 0.08929087556863825)
Time: 67.6, Position: (4.348248488045466, 3.139003073425479, 0.0), Orientation: (0.0, 0.0, -0.9980564805818669, 0.062315821173579804)
Time: 69.1, Position: (4.599924985280154, 3.168830213560175, 0.0), Orientation: (0.0, 0.0, -0.9990925926804298, 0.04259097616980223)
Time: 70.6, Position: (4.851898182543719, 3.1817766412738373, 0.0), Orientation: (0.0, 0.0, -0.9999250151516669, 0.012245981950779604)
Time: 72.1, Position: (5.126274602910066, 3.192802707713976, 0.0), Orientation: (0.0, 0.0, -0.9997996459675745, 0.02001669111298427)
Time: 73.8, Position: (5.390626027031728, 3.2369546104851725, 0.0), Orientation: (0.0, 0.0, -0.9956714863300119, 0.09294240856242637)
Time: 75.6, Position: (5.659596812447088, 3.285868543513379, 0.0), Orientation: (0.0, 0.0, -0.998391953486945, 0.05668780479540357)
Time: 77.1, Position: (5.91706671901644, 3.294794829509002, 0.0), Orientation: (0.0, 0.0, 0.9999912276709747, 0.004188625203671095)
Time: 78.5, Position: (6.172454626110067, 3.2747585737145655, 0.0), Orientation: (0.0, 0.0, 0.9998913367354888, 0.014741598329805147)
Time: 80.0, Position: (6.408412381305888, 3.2588713679024672, 0.0), Orientation: (0.0, 0.0, -0.9999905422598031, 0.004349182790481642)
Time: 81.6, Position: (6.6733330628943035, 3.283142772787506, 0.0), Orientation: (0.0, 0.0, -0.996709986949152, 0.08105061329700827)
Time: 83.2, Position: (6.941618361342472, 3.3548010431489965, 0.0), Orientation: (0.0, 0.0, -0.9873554978711669, 0.15852167304056577)
Time: 84.9, Position: (7.197563384841359, 3.4595672517077514, 0.0), Orientation: (0.0, 0.0, -0.9703766106287001, 0.2415972548369626)
Time: 86.6, Position: (7.4287651270665105, 3.6224169738753864, 0.0), Orientation: (0.0, 0.0, -0.9394771902617358, 0.34261145482589195)
Time: 88.4, Position: (7.613053079116655, 3.8011641983205395, 0.0), Orientation: (0.0, 0.0, -0.9003437917282, 0.4351793385450275)
Time: 90.1, Position: (7.745041068694316, 4.006880842861257, 0.0), Orientation: (0.0, 0.0, -0.8511564150751078, 0.5249121422452436)
Time: 91.7, Position: (7.675965204273366, 3.8512726725655613, 0.0), Orientation: (0.0, 0.0, -0.7963659497812887, 0.6048150742408342)
Time: 93.3, Position: (7.652106891505917, 3.655142616022191, 0.0), Orientation: (0.0, 0.0, -0.7196659194711912, 0.694320505495614)
Time: 94.7, Position: (7.657566140829485, 3.430626177341114, 0.0), Orientation: (0.0, 0.0, -0.6473219871067665, 0.7622166653964916)
Time: 96.2, Position: (7.716008137433544, 3.2171739352977107, 0.0), Orientation: (0.0, 0.0, -0.5632978199969164, 0.8262539355347855)
Time: 97.6, Position: (7.823295237196526, 3.025501258951088, 0.0), Orientation: (0.0, 0.0, -0.47351595876485936, 0.8807852387472193)
Time: 99.1, Position: (7.958492762635482, 2.848975199834918, 0.0), Orientation: (0.0, 0.0, -0.3815614148303893, 0.924343489571183)
Time: 100.6, Position: (8.127830414874197, 2.7047404624059355, 0.0), Orientation: (0.0, 0.0, -0.2845153314311198, 0.9586714902304334)
Time: 102.0, Position: (8.2885880659976, 2.628678090281513, 0.0), Orientation: (0.0, 0.0, -0.17916268365966836, 0.9838194614785101)
Time: 103.4, Position: (8.42628460618593, 2.583430016516407, 0.0), Orientation: (0.0, 0.0, -0.08062858250661356, 0.9967442157760306)
Time: 104.9, Position: (8.536837587072869, 2.581462315176429, 0.0), Orientation: (0.0, 0.0, 0.026956049828942487, 0.9996366196661762)
Time: 106.4, Position: (8.637919285357846, 2.5990921628151287, 0.0), Orientation: (0.0, 0.0, 0.1333457574989619, 0.9910695782623075)
Time: 107.7, Position: (8.729579032851511, 2.6305023056335295, 0.0), Orientation: (0.0, 0.0, 0.23196098191836645, 0.9727250911061497)
Time: 109.0, Position: (8.836519524224412, 2.6927131689925696, 0.0), Orientation: (0.0, 0.0, 0.3305391836516911, 0.943792269554521)
Time: 110.3, Position: (8.932748606324411, 2.7911110495539693, 0.0), Orientation: (0.0, 0.0, 0.4228664721569317, 0.9061920032341662)
Time: 111.5, Position: (9.051984291758966, 2.9661182679197906, 0.0), Orientation: (0.0, 0.0, 0.5140926705163089, 0.8577346478494441)
Time: 112.9, Position: (9.155876019250712, 3.2044916649093746, 0.0), Orientation: (0.0, 0.0, 0.6043483196380567, 0.7967202197450854)
Time: 114.2, Position: (9.200903051077972, 3.464340142631102, 0.0), Orientation: (0.0, 0.0, 0.6774097411150563, 0.7356059017180547)
Time: 115.4, Position: (9.196625808848767, 3.743950782323097, 0.0), Orientation: (0.0, 0.0, 0.7375968368575896, 0.6752413688879543)
Time: 116.6, Position: (9.167240123572824, 4.0112395127866085, 0.0), Orientation: (0.0, 0.0, 0.7380921169951218, 0.6746999531863475)
Time: 117.8, Position: (9.152765994575509, 4.23875525999548, 0.0), Orientation: (0.0, 0.0, 0.7267841781547173, 0.6868658954875924)
Time: 119.0, Position: (9.137127226222068, 4.507648071483365, 0.0), Orientation: (0.0, 0.0, 0.7258690054389777, 0.6878329644201632)
Time: 120.2, Position: (9.138116806712572, 4.773382484146973, 0.0), Orientation: (0.0, 0.0, 0.7087156861024543, 0.7054942071146492)
Time: 121.4, Position: (9.12924513518842, 5.0395549629341785, 0.0), Orientation: (0.0, 0.0, 0.7213196056969953, 0.6926023580938281)
Time: 122.7, Position: (9.12477621598228, 5.310507219109116, 0.0), Orientation: (0.0, 0.0, 0.7063862625018088, 0.7078265664332793)
Time: 123.9, Position: (9.11512437759782, 5.57088725452652, 0.0), Orientation: (0.0, 0.0, 0.7095323812670454, 0.7046728318400789)
Time: 125.1, Position: (9.104654871547806, 5.841644424575401, 0.0), Orientation: (0.0, 0.0, 0.7245656185840084, 0.6892058214829394)
Time: 126.3, Position: (9.107838025046268, 6.097156936826036, 0.0), Orientation: (0.0, 0.0, 0.6931528006262422, 0.7207906734857195)
Time: 127.5, Position: (9.12577397441889, 6.352218884368755, 0.0), Orientation: (0.0, 0.0, 0.7044790342967483, 0.7097247989441549)
Time: 128.7, Position: (9.131926203429463, 6.600295581729348, 0.0), Orientation: (0.0, 0.0, 0.7063746892144157, 0.707838115982205)
Time: 129.9, Position: (9.144211847261493, 6.854607661934764, 0.0), Orientation: (0.0, 0.0, 0.6950674301331498, 0.7189445511081498)
Time: 131.1, Position: (9.161479340689485, 7.114007968259164, 0.0), Orientation: (0.0, 0.0, 0.6870181105021668, 0.7266402932965063)
Time: 132.3, Position: (9.184264316423207, 7.3761339799362124, 0.0), Orientation: (0.0, 0.0, 0.6769455452639287, 0.7360331030241251)
Time: 133.5, Position: (9.201079207187098, 7.6471358233372895, 0.0), Orientation: (0.0, 0.0, 0.7047978412411737, 0.709408206170313)
Time: 134.7, Position: (9.187057625597397, 7.916648638110528, 0.0), Orientation: (0.0, 0.0, 0.7559024913415686, 0.6546842166904666)
Time: 135.9, Position: (9.121661159412229, 8.168612997767344, 0.0), Orientation: (0.0, 0.0, 0.8116166193143717, 0.5841904340647065)
Time: 137.2, Position: (9.003600114399914, 8.431084184757873, 0.0), Orientation: (0.0, 0.0, 0.8682636632486382, 0.496103024665296)
Time: 138.6, Position: (8.84384440575474, 8.644682335961235, 0.0), Orientation: (0.0, 0.0, 0.9161361893904876, 0.4008671631464428)
Time: 139.6, Position: (8.658830648988307, 8.82465294549817, 0.0), Orientation: (0.0, 0.0, 0.9516466236973742, 0.30719489514864723)
Time: 141.0, Position: (8.411711568649261, 8.96657261386414, 0.0), Orientation: (0.0, 0.0, 0.9782040212873985, 0.20764607566039617)
Time: 142.4, Position: (8.157095809065632, 9.065300839006888, 0.0), Orientation: (0.0, 0.0, 0.9937299418139928, 0.11180698879031942)
Time: 143.6, Position: (7.905678349756623, 9.112065528689719, 0.0), Orientation: (0.0, 0.0, 0.9996260358824713, 0.02734571969972672)
Time: 144.8, Position: (7.636718143336711, 9.09367481511025, 0.0), Orientation: (0.0, 0.0, -0.9998859770233411, 0.015100759983471376)
Time: 146.0, Position: (7.352708371220285, 9.078943422012612, 0.0), Orientation: (0.0, 0.0, -0.9999286468338614, 0.011945762470548895)
Time: 147.2, Position: (7.098796506619235, 9.077736579240751, 0.0), Orientation: (0.0, 0.0, -0.9999994903206345, 0.0010096328397626614)
Time: 148.4, Position: (6.829262956379103, 9.06980958765636, 0.0), Orientation: (0.0, 0.0, -0.9998260573779717, 0.01865087097217923)
Time: 149.6, Position: (6.563534093531565, 9.07310155657718, 0.0), Orientation: (0.0, 0.0, 0.999778704000344, 0.021036706666981164)
Time: 150.8, Position: (6.299723481416667, 9.096213947322516, 0.0), Orientation: (0.0, 0.0, -0.9998409311520059, 0.017835705567478207)
Time: 152.0, Position: (6.029643701334672, 9.085347842213011, 0.0), Orientation: (0.0, 0.0, -0.9996806227380591, 0.025271575377216634)
Time: 153.2, Position: (5.753698209620321, 9.073744124190176, 0.0), Orientation: (0.0, 0.0, -0.9999850559967801, 0.005466972024482841)
Time: 154.4, Position: (5.495967141362183, 9.077333056517244, 0.0), Orientation: (0.0, 0.0, 0.9999333596713916, 0.011544531878052622)
Time: 155.6, Position: (5.228074420663118, 9.08075188392409, 0.0), Orientation: (0.0, 0.0, -0.9999999716142066, 0.00023826788693349108)
Time: 156.8, Position: (4.955642007169641, 9.076651053190893, 0.0), Orientation: (0.0, 0.0, 0.9999996859427736, 0.0007925366580549609)
Time: 158.0, Position: (4.698654564089274, 9.085980881843474, 0.0), Orientation: (0.0, 0.0, 0.9999548916225801, 0.009498142980291302)
Time: 159.2, Position: (4.432150282835442, 9.081720514270112, 0.0), Orientation: (0.0, 0.0, 0.9999999211830514, 0.0003970313475679727)
Time: 160.4, Position: (4.1609566121273325, 9.083310138050285, 0.0), Orientation: (0.0, 0.0, -0.9999212861869247, 0.012546769715202235)
Time: 161.6, Position: (3.8949643261358573, 9.081875149408905, 0.0), Orientation: (0.0, 0.0, -0.9999700667857153, 0.007737281988653739)
Time: 162.8, Position: (3.624192359531812, 9.07650684562432, 0.0), Orientation: (0.0, 0.0, -0.9999407564420648, 0.010885017504406092)
Time: 164.0, Position: (3.360695853401132, 9.06867945236806, 0.0), Orientation: (0.0, 0.0, -0.9999616783642015, 0.008754530429965476)
Time: 165.2, Position: (3.0885171444655395, 9.062682334142766, 0.0), Orientation: (0.0, 0.0, -0.999972816089151, 0.007373403741356383)
Time: 166.4, Position: (2.8308550692856183, 9.057657751895272, 0.0), Orientation: (0.0, 0.0, -0.9997833006437608, 0.02081710243688108)
Time: 167.6, Position: (2.5625393428024257, 9.043989574750931, 0.0), Orientation: (0.0, 0.0, -0.9996226288211617, 0.027469982684195888)
Time: 168.8, Position: (2.2920422351819463, 9.040965604998483, 0.0), Orientation: (0.0, 0.0, -0.9994161069218522, 0.03416789758192208)
Time: 170.0, Position: (2.020976015666214, 9.028761778550047, 0.0), Orientation: (0.0, 0.0, -0.9986111828512422, 0.05268496450072793)
Time: 171.2, Position: (1.7618166218366123, 9.01336643003667, 0.0), Orientation: (0.0, 0.0, -0.9999500669658811, 0.00999317641842983)
Time: 172.4, Position: (1.4990546974222299, 9.009040701509159, 0.0), Orientation: (0.0, 0.0, -0.9998941961649207, 0.01454635609721548)
Time: 173.6, Position: (1.239040441160147, 9.013635526899396, 0.0), Orientation: (0.0, 0.0, 0.9995993067692085, 0.02830593412197739)
